[gd_scene load_steps=13 format=3 uid="uid://b23w8nfi02hr8"]

[ext_resource type="PackedScene" uid="uid://ciyxmm6ty5ja7" path="res://player/player.tscn" id="1_k2kuj"]
[ext_resource type="PackedScene" uid="uid://b0uxdor3ulapy" path="res://HUD/PlayerHUD.tscn" id="2_ivai7"]
[ext_resource type="PackedScene" uid="uid://cye1qb57br4iq" path="res://player/camera.tscn" id="2_rmdli"]
[ext_resource type="PackedScene" uid="uid://ci0iwi5s058kt" path="res://zombie/physicsBodyZombie.tscn" id="3_cuo2v"]

[sub_resource type="ProceduralSkyMaterial" id="ProceduralSkyMaterial_rmdli"]
sky_horizon_color = Color(0.66224277, 0.6717428, 0.6867428, 1)
ground_horizon_color = Color(0.66224277, 0.6717428, 0.6867428, 1)

[sub_resource type="Sky" id="Sky_cuo2v"]
sky_material = SubResource("ProceduralSkyMaterial_rmdli")

[sub_resource type="Environment" id="Environment_ivai7"]
background_mode = 2
sky = SubResource("Sky_cuo2v")
tonemap_mode = 2
glow_enabled = true

[sub_resource type="BoxMesh" id="BoxMesh_rmdli"]
size = Vector3(30, 75, 30)

[sub_resource type="ConcavePolygonShape3D" id="ConcavePolygonShape3D_cuo2v"]
data = PackedVector3Array(-15, 37.5, 15, 15, 37.5, 15, -15, -37.5, 15, 15, 37.5, 15, 15, -37.5, 15, -15, -37.5, 15, 15, 37.5, -15, -15, 37.5, -15, 15, -37.5, -15, -15, 37.5, -15, -15, -37.5, -15, 15, -37.5, -15, 15, 37.5, 15, 15, 37.5, -15, 15, -37.5, 15, 15, 37.5, -15, 15, -37.5, -15, 15, -37.5, 15, -15, 37.5, -15, -15, 37.5, 15, -15, -37.5, -15, -15, 37.5, 15, -15, -37.5, 15, -15, -37.5, -15, 15, 37.5, 15, -15, 37.5, 15, 15, 37.5, -15, -15, 37.5, 15, -15, 37.5, -15, 15, 37.5, -15, -15, -37.5, 15, 15, -37.5, 15, -15, -37.5, -15, 15, -37.5, 15, 15, -37.5, -15, -15, -37.5, -15)

[sub_resource type="StandardMaterial3D" id="StandardMaterial3D_ivai7"]
albedo_color = Color(0.5609549, 0.5609549, 0.5609549, 1)

[sub_resource type="PlaneMesh" id="PlaneMesh_flkix"]
size = Vector2(400, 400)

[sub_resource type="ConcavePolygonShape3D" id="ConcavePolygonShape3D_rmdli"]
data = PackedVector3Array(200, 0, 200, -200, 0, 200, 200, 0, -200, -200, 0, 200, -200, 0, -200, 200, 0, -200)

[node name="City" type="Node3D"]

[node name="WorldEnvironment" type="WorldEnvironment" parent="."]
environment = SubResource("Environment_ivai7")

[node name="DirectionalLight3D" type="DirectionalLight3D" parent="."]
transform = Transform3D(-0.8660254, -0.43301278, 0.25, 0, 0.49999997, 0.86602545, -0.50000006, 0.75, -0.43301266, 0, 0, 0)
shadow_enabled = true

[node name="StaticBody3D5" type="StaticBody3D" parent="."]
transform = Transform3D(1, 0, 0, 0, 1, 0, 0, 0, 1, 14.613706, 21, -15.286939)

[node name="MeshInstance3D" type="MeshInstance3D" parent="StaticBody3D5"]
transform = Transform3D(1, 0, 0, 0, 1, 0, 0, 0, 1, 0, 16.055279, 0)
mesh = SubResource("BoxMesh_rmdli")
skeleton = NodePath("")

[node name="CollisionShape3D" type="CollisionShape3D" parent="StaticBody3D5"]
transform = Transform3D(1, 0, 0, 0, 1, 0, 0, 0, 1, 0, 16.055279, 0)
shape = SubResource("ConcavePolygonShape3D_cuo2v")

[node name="StaticBody3D6" type="StaticBody3D" parent="."]
transform = Transform3D(1, 0, 0, 0, 1, 0, 0, 0, 1, -29.864388, 21, -15.491559)

[node name="MeshInstance3D" type="MeshInstance3D" parent="StaticBody3D6"]
transform = Transform3D(1, 0, 0, 0, 1, 0, 0, 0, 1, 0, 16.055279, 0)
mesh = SubResource("BoxMesh_rmdli")
skeleton = NodePath("")

[node name="CollisionShape3D" type="CollisionShape3D" parent="StaticBody3D6"]
transform = Transform3D(1, 0, 0, 0, 1, 0, 0, 0, 1, 0, 16.055279, 0)
shape = SubResource("ConcavePolygonShape3D_cuo2v")

[node name="StaticBody3D7" type="StaticBody3D" parent="."]
transform = Transform3D(1, 0, 0, 0, 1, 0, 0, 0, 1, 14.613706, 21, 29.036041)

[node name="MeshInstance3D" type="MeshInstance3D" parent="StaticBody3D7"]
transform = Transform3D(1, 0, 0, 0, 1, 0, 0, 0, 1, 0, 16.055279, 0)
mesh = SubResource("BoxMesh_rmdli")
skeleton = NodePath("")

[node name="CollisionShape3D" type="CollisionShape3D" parent="StaticBody3D7"]
transform = Transform3D(1, 0, 0, 0, 1, 0, 0, 0, 1, 0, 16.055279, 0)
shape = SubResource("ConcavePolygonShape3D_cuo2v")

[node name="StaticBody3D8" type="StaticBody3D" parent="."]
transform = Transform3D(1, 0, 0, 0, 1, 0, 0, 0, 1, -29.864388, 21, 28.83142)

[node name="MeshInstance3D" type="MeshInstance3D" parent="StaticBody3D8"]
transform = Transform3D(1, 0, 0, 0, 1, 0, 0, 0, 1, 0, 16.055279, 0)
mesh = SubResource("BoxMesh_rmdli")
skeleton = NodePath("")

[node name="CollisionShape3D" type="CollisionShape3D" parent="StaticBody3D8"]
transform = Transform3D(1, 0, 0, 0, 1, 0, 0, 0, 1, 0, 16.055279, 0)
shape = SubResource("ConcavePolygonShape3D_cuo2v")

[node name="StaticBody3D9" type="StaticBody3D" parent="."]
transform = Transform3D(1, 0, 0, 0, 1, 0, 0, 0, 1, 14.613706, 21, 62.120205)

[node name="MeshInstance3D" type="MeshInstance3D" parent="StaticBody3D9"]
transform = Transform3D(1, 0, 0, 0, 1, 0, 0, 0, 1, 0, 16.055279, 0)
mesh = SubResource("BoxMesh_rmdli")
skeleton = NodePath("")

[node name="CollisionShape3D" type="CollisionShape3D" parent="StaticBody3D9"]
transform = Transform3D(1, 0, 0, 0, 1, 0, 0, 0, 1, 0, 16.055279, 0)
shape = SubResource("ConcavePolygonShape3D_cuo2v")

[node name="StaticBody3D10" type="StaticBody3D" parent="."]
transform = Transform3D(1, 0, 0, 0, 1, 0, 0, 0, 1, -29.864388, 21, 61.915585)

[node name="MeshInstance3D" type="MeshInstance3D" parent="StaticBody3D10"]
transform = Transform3D(1, 0, 0, 0, 1, 0, 0, 0, 1, 0, 16.055279, 0)
mesh = SubResource("BoxMesh_rmdli")
skeleton = NodePath("")

[node name="CollisionShape3D" type="CollisionShape3D" parent="StaticBody3D10"]
transform = Transform3D(1, 0, 0, 0, 1, 0, 0, 0, 1, 0, 16.055279, 0)
shape = SubResource("ConcavePolygonShape3D_cuo2v")

[node name="StaticBody3D25" type="StaticBody3D" parent="."]
transform = Transform3D(1, 0, 0, 0, 1, 0, 0, 0, 1, -68.3297, 21, -15.491559)

[node name="MeshInstance3D" type="MeshInstance3D" parent="StaticBody3D25"]
transform = Transform3D(1, 0, 0, 0, 1, 0, 0, 0, 1, 0, 16.055279, 0)
mesh = SubResource("BoxMesh_rmdli")
skeleton = NodePath("")

[node name="CollisionShape3D" type="CollisionShape3D" parent="StaticBody3D25"]
transform = Transform3D(1, 0, 0, 0, 1, 0, 0, 0, 1, 0, 16.055279, 0)
shape = SubResource("ConcavePolygonShape3D_cuo2v")

[node name="StaticBody3D26" type="StaticBody3D" parent="."]
transform = Transform3D(1, 0, 0, 0, 1, 0, 0, 0, 1, -68.3297, 21, 28.83142)

[node name="MeshInstance3D" type="MeshInstance3D" parent="StaticBody3D26"]
transform = Transform3D(1, 0, 0, 0, 1, 0, 0, 0, 1, 0, 16.055279, 0)
mesh = SubResource("BoxMesh_rmdli")
skeleton = NodePath("")

[node name="CollisionShape3D" type="CollisionShape3D" parent="StaticBody3D26"]
transform = Transform3D(1, 0, 0, 0, 1, 0, 0, 0, 1, 0, 16.055279, 0)
shape = SubResource("ConcavePolygonShape3D_cuo2v")

[node name="StaticBody3D27" type="StaticBody3D" parent="."]
transform = Transform3D(1, 0, 0, 0, 1, 0, 0, 0, 1, -68.3297, 21, 61.915585)

[node name="MeshInstance3D" type="MeshInstance3D" parent="StaticBody3D27"]
transform = Transform3D(1, 0, 0, 0, 1, 0, 0, 0, 1, 0, 16.055279, 0)
mesh = SubResource("BoxMesh_rmdli")
skeleton = NodePath("")

[node name="CollisionShape3D" type="CollisionShape3D" parent="StaticBody3D27"]
transform = Transform3D(1, 0, 0, 0, 1, 0, 0, 0, 1, 0, 16.055279, 0)
shape = SubResource("ConcavePolygonShape3D_cuo2v")

[node name="StaticBody3D28" type="StaticBody3D" parent="."]
transform = Transform3D(1, 0, 0, 0, 1, 0, 0, 0, 1, -127.66272, 21, -15.491559)

[node name="MeshInstance3D" type="MeshInstance3D" parent="StaticBody3D28"]
transform = Transform3D(1, 0, 0, 0, 1, 0, 0, 0, 1, 0, 16.055279, 0)
mesh = SubResource("BoxMesh_rmdli")
skeleton = NodePath("")

[node name="CollisionShape3D" type="CollisionShape3D" parent="StaticBody3D28"]
transform = Transform3D(1, 0, 0, 0, 1, 0, 0, 0, 1, 0, 16.055279, 0)
shape = SubResource("ConcavePolygonShape3D_cuo2v")

[node name="StaticBody3D29" type="StaticBody3D" parent="."]
transform = Transform3D(1, 0, 0, 0, 1, 0, 0, 0, 1, -127.66272, 21, 28.83142)

[node name="MeshInstance3D" type="MeshInstance3D" parent="StaticBody3D29"]
transform = Transform3D(1, 0, 0, 0, 1, 0, 0, 0, 1, 0, 16.055279, 0)
mesh = SubResource("BoxMesh_rmdli")
skeleton = NodePath("")

[node name="CollisionShape3D" type="CollisionShape3D" parent="StaticBody3D29"]
transform = Transform3D(1, 0, 0, 0, 1, 0, 0, 0, 1, 0, 16.055279, 0)
shape = SubResource("ConcavePolygonShape3D_cuo2v")

[node name="StaticBody3D30" type="StaticBody3D" parent="."]
transform = Transform3D(1, 0, 0, 0, 1, 0, 0, 0, 1, -127.66272, 21, 61.915585)

[node name="MeshInstance3D" type="MeshInstance3D" parent="StaticBody3D30"]
transform = Transform3D(1, 0, 0, 0, 1, 0, 0, 0, 1, 0, 16.055279, 0)
mesh = SubResource("BoxMesh_rmdli")
skeleton = NodePath("")

[node name="CollisionShape3D" type="CollisionShape3D" parent="StaticBody3D30"]
transform = Transform3D(1, 0, 0, 0, 1, 0, 0, 0, 1, 0, 16.055279, 0)
shape = SubResource("ConcavePolygonShape3D_cuo2v")

[node name="StaticBody3D31" type="StaticBody3D" parent="."]
transform = Transform3D(1, 0, 0, 0, 1, 0, 0, 0, 1, -127.66272, 21, 94.665085)

[node name="MeshInstance3D" type="MeshInstance3D" parent="StaticBody3D31"]
transform = Transform3D(1, 0, 0, 0, 1, 0, 0, 0, 1, 0, 16.055279, 0)
mesh = SubResource("BoxMesh_rmdli")
skeleton = NodePath("")

[node name="CollisionShape3D" type="CollisionShape3D" parent="StaticBody3D31"]
transform = Transform3D(1, 0, 0, 0, 1, 0, 0, 0, 1, 0, 16.055279, 0)
shape = SubResource("ConcavePolygonShape3D_cuo2v")

[node name="StaticBody3D32" type="StaticBody3D" parent="."]
transform = Transform3D(1, 0, 0, 0, 1, 0, 0, 0, 1, -127.66272, 21, 138.98807)

[node name="MeshInstance3D" type="MeshInstance3D" parent="StaticBody3D32"]
transform = Transform3D(1, 0, 0, 0, 1, 0, 0, 0, 1, 0, 16.055279, 0)
mesh = SubResource("BoxMesh_rmdli")
skeleton = NodePath("")

[node name="MeshInstance3D2" type="MeshInstance3D" parent="StaticBody3D32"]
transform = Transform3D(1, 0, 0, 0, 1, 0, 0, 0, 1, 0, 16.055279, 0)
mesh = SubResource("BoxMesh_rmdli")
skeleton = NodePath("")

[node name="CollisionShape3D" type="CollisionShape3D" parent="StaticBody3D32"]
transform = Transform3D(1, 0, 0, 0, 1, 0, 0, 0, 1, 0, 16.055279, 0)
shape = SubResource("ConcavePolygonShape3D_cuo2v")

[node name="StaticBody3D34" type="StaticBody3D" parent="."]
transform = Transform3D(1, 0, 0, 0, 1, 0, 0, 0, 1, -68.013145, 21, 95.82764)

[node name="MeshInstance3D" type="MeshInstance3D" parent="StaticBody3D34"]
transform = Transform3D(1, 0, 0, 0, 1, 0, 0, 0, 1, 0, 16.055279, 0)
mesh = SubResource("BoxMesh_rmdli")
skeleton = NodePath("")

[node name="CollisionShape3D" type="CollisionShape3D" parent="StaticBody3D34"]
transform = Transform3D(1, 0, 0, 0, 1, 0, 0, 0, 1, 0, 16.055279, 0)
shape = SubResource("ConcavePolygonShape3D_cuo2v")

[node name="StaticBody3D33" type="StaticBody3D" parent="."]
transform = Transform3D(1, 0, 0, 0, 1, 0, 0, 0, 1, -127.66272, 21, 172.07224)

[node name="MeshInstance3D" type="MeshInstance3D" parent="StaticBody3D33"]
transform = Transform3D(1, 0, 0, 0, 1, 0, 0, 0, 1, 0, 16.055279, 0)
mesh = SubResource("BoxMesh_rmdli")
skeleton = NodePath("")

[node name="CollisionShape3D" type="CollisionShape3D" parent="StaticBody3D33"]
transform = Transform3D(1, 0, 0, 0, 1, 0, 0, 0, 1, 0, 16.055279, 0)
shape = SubResource("ConcavePolygonShape3D_cuo2v")

[node name="StaticBody3D13" type="StaticBody3D" parent="."]
transform = Transform3D(1, 0, 0, 0, 1, 0, 0, 0, 1, 91.29674, 21, 62.120205)

[node name="MeshInstance3D" type="MeshInstance3D" parent="StaticBody3D13"]
transform = Transform3D(1, 0, 0, 0, 1, 0, 0, 0, 1, 0, 16.055279, 0)
mesh = SubResource("BoxMesh_rmdli")
skeleton = NodePath("")

[node name="CollisionShape3D" type="CollisionShape3D" parent="StaticBody3D13"]
transform = Transform3D(1, 0, 0, 0, 1, 0, 0, 0, 1, 0, 16.055279, 0)
shape = SubResource("ConcavePolygonShape3D_cuo2v")

[node name="StaticBody3D14" type="StaticBody3D" parent="."]
transform = Transform3D(1, 0, 0, 0, 1, 0, 0, 0, 1, 46.81864, 21, 61.915585)

[node name="MeshInstance3D" type="MeshInstance3D" parent="StaticBody3D14"]
transform = Transform3D(1, 0, 0, 0, 1, 0, 0, 0, 1, 0, 16.055279, 0)
mesh = SubResource("BoxMesh_rmdli")
skeleton = NodePath("")

[node name="CollisionShape3D" type="CollisionShape3D" parent="StaticBody3D14"]
transform = Transform3D(1, 0, 0, 0, 1, 0, 0, 0, 1, 0, 16.055279, 0)
shape = SubResource("ConcavePolygonShape3D_cuo2v")

[node name="StaticBody3D15" type="StaticBody3D" parent="."]
transform = Transform3D(1, 0, 0, 0, 1, 0, 0, 0, 1, 91.29674, 21, 62.120205)

[node name="MeshInstance3D" type="MeshInstance3D" parent="StaticBody3D15"]
transform = Transform3D(1, 0, 0, 0, 1, 0, 0, 0, 1, 0, 16.055279, 0)
mesh = SubResource("BoxMesh_rmdli")
skeleton = NodePath("")

[node name="CollisionShape3D" type="CollisionShape3D" parent="StaticBody3D15"]
transform = Transform3D(1, 0, 0, 0, 1, 0, 0, 0, 1, 0, 16.055279, 0)
shape = SubResource("ConcavePolygonShape3D_cuo2v")

[node name="StaticBody3D16" type="StaticBody3D" parent="."]
transform = Transform3D(1, 0, 0, 0, 1, 0, 0, 0, 1, 46.81864, 21, 61.915585)

[node name="MeshInstance3D" type="MeshInstance3D" parent="StaticBody3D16"]
transform = Transform3D(1, 0, 0, 0, 1, 0, 0, 0, 1, 0, 16.055279, 0)
mesh = SubResource("BoxMesh_rmdli")
skeleton = NodePath("")

[node name="CollisionShape3D" type="CollisionShape3D" parent="StaticBody3D16"]
transform = Transform3D(1, 0, 0, 0, 1, 0, 0, 0, 1, 0, 16.055279, 0)
shape = SubResource("ConcavePolygonShape3D_cuo2v")

[node name="StaticBody3D11" type="StaticBody3D" parent="."]
transform = Transform3D(0.94183475, 0, -0.33607632, 0, 1, 0, 0.33607632, 0, 0.94183475, 5.6051626, 21, 114.402725)

[node name="MeshInstance3D" type="MeshInstance3D" parent="StaticBody3D11"]
transform = Transform3D(1, 0, 0, 0, 1, 0, 0, 0, 1, 0, 16.055279, 0)
mesh = SubResource("BoxMesh_rmdli")
skeleton = NodePath("")

[node name="CollisionShape3D" type="CollisionShape3D" parent="StaticBody3D11"]
transform = Transform3D(1, 0, 0, 0, 1, 0, 0, 0, 1, 0, 16.055279, 0)
shape = SubResource("ConcavePolygonShape3D_cuo2v")

[node name="StaticBody3D12" type="StaticBody3D" parent="."]
transform = Transform3D(0.94183475, 0, -0.33607632, 0, 1, 0, 0.33607632, 0, 0.94183475, -36.21708, 21, 99.26198)

[node name="MeshInstance3D" type="MeshInstance3D" parent="StaticBody3D12"]
transform = Transform3D(1, 0, 0, 0, 1, 0, 0, 0, 1, 0, 16.055279, 0)
mesh = SubResource("BoxMesh_rmdli")
skeleton = NodePath("")

[node name="CollisionShape3D" type="CollisionShape3D" parent="StaticBody3D12"]
transform = Transform3D(1, 0, 0, 0, 1, 0, 0, 0, 1, 0, 16.055279, 0)
shape = SubResource("ConcavePolygonShape3D_cuo2v")

[node name="StaticBody3D19" type="StaticBody3D" parent="."]
transform = Transform3D(0.94183475, 0, -0.33607632, 0, 1, 0, 0.33607632, 0, 0.94183475, -6.938243, 21, 149.24854)

[node name="MeshInstance3D" type="MeshInstance3D" parent="StaticBody3D19"]
transform = Transform3D(1, 0, 0, 0, 1, 0, 0, 0, 1, 0, 16.055279, 0)
mesh = SubResource("BoxMesh_rmdli")
skeleton = NodePath("")

[node name="CollisionShape3D" type="CollisionShape3D" parent="StaticBody3D19"]
transform = Transform3D(1, 0, 0, 0, 1, 0, 0, 0, 1, 0, 16.055279, 0)
shape = SubResource("ConcavePolygonShape3D_cuo2v")

[node name="StaticBody3D20" type="StaticBody3D" parent="."]
transform = Transform3D(0.94183475, 0, -0.33607632, 0, 1, 0, 0.33607632, 0, 0.94183475, -48.760483, 21, 134.10779)

[node name="MeshInstance3D" type="MeshInstance3D" parent="StaticBody3D20"]
transform = Transform3D(1, 0, 0, 0, 1, 0, 0, 0, 1, 0, 16.055279, 0)
mesh = SubResource("BoxMesh_rmdli")
skeleton = NodePath("")

[node name="CollisionShape3D" type="CollisionShape3D" parent="StaticBody3D20"]
transform = Transform3D(1, 0, 0, 0, 1, 0, 0, 0, 1, 0, 16.055279, 0)
shape = SubResource("ConcavePolygonShape3D_cuo2v")

[node name="StaticBody3D21" type="StaticBody3D" parent="."]
transform = Transform3D(0.94183475, 0, -0.33607632, 0, 1, 0, 0.33607632, 0, 0.94183475, -26.618382, 21, 204.80498)

[node name="MeshInstance3D" type="MeshInstance3D" parent="StaticBody3D21"]
transform = Transform3D(1, 0, 0, 0, 1, 0, 0, 0, 1, 0, 16.055279, 0)
mesh = SubResource("BoxMesh_rmdli")
skeleton = NodePath("")

[node name="CollisionShape3D" type="CollisionShape3D" parent="StaticBody3D21"]
transform = Transform3D(1, 0, 0, 0, 1, 0, 0, 0, 1, 0, 16.055279, 0)
shape = SubResource("ConcavePolygonShape3D_cuo2v")

[node name="StaticBody3D22" type="StaticBody3D" parent="."]
transform = Transform3D(0.94183475, 0, -0.33607632, 0, 1, 0, 0.33607632, 0, 0.94183475, -68.44063, 21, 189.66423)

[node name="MeshInstance3D" type="MeshInstance3D" parent="StaticBody3D22"]
transform = Transform3D(1, 0, 0, 0, 1, 0, 0, 0, 1, 0, 16.055279, 0)
mesh = SubResource("BoxMesh_rmdli")
skeleton = NodePath("")

[node name="CollisionShape3D" type="CollisionShape3D" parent="StaticBody3D22"]
transform = Transform3D(1, 0, 0, 0, 1, 0, 0, 0, 1, 0, 16.055279, 0)
shape = SubResource("ConcavePolygonShape3D_cuo2v")

[node name="StaticBody3D23" type="StaticBody3D" parent="."]
transform = Transform3D(0.94183475, 0, -0.33607632, 0, 1, 0, 0.33607632, 0, 0.94183475, -39.16179, 21, 239.65079)

[node name="MeshInstance3D" type="MeshInstance3D" parent="StaticBody3D23"]
transform = Transform3D(1, 0, 0, 0, 1, 0, 0, 0, 1, 0, 16.055279, 0)
mesh = SubResource("BoxMesh_rmdli")
skeleton = NodePath("")

[node name="CollisionShape3D" type="CollisionShape3D" parent="StaticBody3D23"]
transform = Transform3D(1, 0, 0, 0, 1, 0, 0, 0, 1, 0, 16.055279, 0)
shape = SubResource("ConcavePolygonShape3D_cuo2v")

[node name="StaticBody3D24" type="StaticBody3D" parent="."]
transform = Transform3D(0.94183475, 0, -0.33607632, 0, 1, 0, 0.33607632, 0, 0.94183475, -80.98403, 21, 224.51004)

[node name="MeshInstance3D" type="MeshInstance3D" parent="StaticBody3D24"]
transform = Transform3D(1, 0, 0, 0, 1, 0, 0, 0, 1, 0, 16.055279, 0)
mesh = SubResource("BoxMesh_rmdli")
skeleton = NodePath("")

[node name="CollisionShape3D" type="CollisionShape3D" parent="StaticBody3D24"]
transform = Transform3D(1, 0, 0, 0, 1, 0, 0, 0, 1, 0, 16.055279, 0)
shape = SubResource("ConcavePolygonShape3D_cuo2v")

[node name="StaticBody3D17" type="StaticBody3D" parent="."]
transform = Transform3D(0.94183475, 0, -0.33607632, 0, 1, 0, 0.33607632, 0, 0.94183475, 84.16751, 21, 142.97829)

[node name="MeshInstance3D" type="MeshInstance3D" parent="StaticBody3D17"]
transform = Transform3D(1, 0, 0, 0, 1, 0, 0, 0, 1, 0, 16.055279, 0)
mesh = SubResource("BoxMesh_rmdli")
skeleton = NodePath("")

[node name="CollisionShape3D" type="CollisionShape3D" parent="StaticBody3D17"]
transform = Transform3D(1, 0, 0, 0, 1, 0, 0, 0, 1, 0, 16.055279, 0)
shape = SubResource("ConcavePolygonShape3D_cuo2v")

[node name="StaticBody3D18" type="StaticBody3D" parent="."]
transform = Transform3D(0.94183475, 0, -0.33607632, 0, 1, 0, 0.33607632, 0, 0.94183475, 42.34527, 21, 127.83754)

[node name="MeshInstance3D" type="MeshInstance3D" parent="StaticBody3D18"]
transform = Transform3D(1, 0, 0, 0, 1, 0, 0, 0, 1, 0, 16.055279, 0)
mesh = SubResource("BoxMesh_rmdli")
skeleton = NodePath("")

[node name="CollisionShape3D" type="CollisionShape3D" parent="StaticBody3D18"]
transform = Transform3D(1, 0, 0, 0, 1, 0, 0, 0, 1, 0, 16.055279, 0)
shape = SubResource("ConcavePolygonShape3D_cuo2v")

[node name="StaticBody3D35" type="StaticBody3D" parent="."]
transform = Transform3D(0.94183475, 0, -0.33607632, 0, 1, 0, 0.33607632, 0, 0.94183475, 71.49362, 20.999985, 177.40019)

[node name="MeshInstance3D" type="MeshInstance3D" parent="StaticBody3D35"]
transform = Transform3D(1, 0, 0, 0, 1, 0, 0, 0, 1, 0, 16.055279, 0)
mesh = SubResource("BoxMesh_rmdli")
skeleton = NodePath("")

[node name="CollisionShape3D" type="CollisionShape3D" parent="StaticBody3D35"]
transform = Transform3D(1, 0, 0, 0, 1, 0, 0, 0, 1, 0, 16.055279, 0)
shape = SubResource("ConcavePolygonShape3D_cuo2v")

[node name="StaticBody3D36" type="StaticBody3D" parent="."]
transform = Transform3D(0.94183475, 0, -0.33607632, 0, 1, 0, 0.33607632, 0, 0.94183475, 29.67138, 20.999985, 162.25945)

[node name="MeshInstance3D" type="MeshInstance3D" parent="StaticBody3D36"]
transform = Transform3D(1, 0, 0, 0, 1, 0, 0, 0, 1, 0, 16.055279, 0)
mesh = SubResource("BoxMesh_rmdli")
skeleton = NodePath("")

[node name="CollisionShape3D" type="CollisionShape3D" parent="StaticBody3D36"]
transform = Transform3D(1, 0, 0, 0, 1, 0, 0, 0, 1, 0, 16.055279, 0)
shape = SubResource("ConcavePolygonShape3D_cuo2v")

[node name="StaticBody3D" type="StaticBody3D" parent="."]
transform = Transform3D(1, 0, 0, 0, 1, 0, 0, 0, 1, 0, 0, 78.874084)

[node name="MeshInstance3D" type="MeshInstance3D" parent="StaticBody3D"]
material_override = SubResource("StandardMaterial3D_ivai7")
mesh = SubResource("PlaneMesh_flkix")

[node name="CollisionShape3D" type="CollisionShape3D" parent="StaticBody3D"]
shape = SubResource("ConcavePolygonShape3D_rmdli")

[node name="Player" parent="." node_paths=PackedStringArray("camera_target", "camera_parent") instance=ExtResource("1_k2kuj")]
transform = Transform3D(1, 0, 0, 0, 1, 0, 0, 0, 1, -6.6059494, 0, 7.4935226)
walk_acceleration = 20.0
camera_target = NodePath("../Camera/CameraTarget")
camera_parent = NodePath("../Camera")

[node name="PlayerHud" parent="Player" instance=ExtResource("2_ivai7")]
follow_viewport_enabled = true

[node name="Camera" parent="." node_paths=PackedStringArray("camera_target") instance=ExtResource("2_rmdli")]
transform = Transform3D(1, 0, 0, 0, 1, 0, 0, 0, 1, -6.929553, -1.9073486e-06, 10.02813)
camera_target = NodePath("CameraTarget")

[node name="PhysicsBodyZombie" parent="." node_paths=PackedStringArray("player") groups=["Zombies"] instance=ExtResource("3_cuo2v")]
transform = Transform3D(-0.88491446, 0, -0.4657536, 0, 1, 0, 0.4657536, 0, -0.88491446, -15.080466, 0.52573776, -42.97386)
axis_lock_angular_x = true
axis_lock_angular_z = true
mass = 5.0
linear_damp = 3.0
player = NodePath("../Player")
speed = 250.0

[node name="PhysicsBodyZombie2" parent="." node_paths=PackedStringArray("player") groups=["Zombies"] instance=ExtResource("3_cuo2v")]
transform = Transform3D(-0.88491446, 0, -0.4657536, 0, 1, 0, 0.4657536, 0, -0.88491446, -15.143628, 0.52573776, -41.80317)
axis_lock_angular_x = true
axis_lock_angular_z = true
mass = 5.0
linear_damp = 3.0
player = NodePath("../Player")
speed = 250.0

[node name="PhysicsBodyZombie3" parent="." node_paths=PackedStringArray("player") groups=["Zombies"] instance=ExtResource("3_cuo2v")]
transform = Transform3D(-0.88491446, 0, -0.4657536, 0, 1, 0, 0.4657536, 0, -0.88491446, -13.874983, 0.52573776, -41.76156)
axis_lock_angular_x = true
axis_lock_angular_z = true
mass = 5.0
linear_damp = 3.0
player = NodePath("../Player")
speed = 250.0

[node name="PhysicsBodyZombie4" parent="." node_paths=PackedStringArray("player") groups=["Zombies"] instance=ExtResource("3_cuo2v")]
transform = Transform3D(-0.88491446, 0, -0.4657536, 0, 1, 0, 0.4657536, 0, -0.88491446, -13.804077, 0.52573776, -42.947002)
axis_lock_angular_x = true
axis_lock_angular_z = true
mass = 5.0
linear_damp = 3.0
player = NodePath("../Player")
speed = 250.0

[node name="PhysicsBodyZombie5" parent="." node_paths=PackedStringArray("player") groups=["Zombies"] instance=ExtResource("3_cuo2v")]
transform = Transform3D(-0.88491446, 0, -0.4657536, 0, 1, 0, 0.4657536, 0, -0.88491446, -14.952706, 0.5257387, -45.416214)
axis_lock_angular_x = true
axis_lock_angular_z = true
mass = 5.0
linear_damp = 3.0
player = NodePath("../Player")
speed = 250.0

[node name="PhysicsBodyZombie6" parent="." node_paths=PackedStringArray("player") groups=["Zombies"] instance=ExtResource("3_cuo2v")]
transform = Transform3D(-0.88491446, 0, -0.4657536, 0, 1, 0, 0.4657536, 0, -0.88491446, -15.015865, 0.5257387, -44.245518)
axis_lock_angular_x = true
axis_lock_angular_z = true
mass = 5.0
linear_damp = 3.0
player = NodePath("../Player")
speed = 250.0

[node name="PhysicsBodyZombie7" parent="." node_paths=PackedStringArray("player") groups=["Zombies"] instance=ExtResource("3_cuo2v")]
transform = Transform3D(-0.88491446, 0, -0.4657536, 0, 1, 0, 0.4657536, 0, -0.88491446, -13.747224, 0.5257387, -44.20391)
axis_lock_angular_x = true
axis_lock_angular_z = true
mass = 5.0
linear_damp = 3.0
player = NodePath("../Player")
speed = 250.0

[node name="PhysicsBodyZombie8" parent="." node_paths=PackedStringArray("player") groups=["Zombies"] instance=ExtResource("3_cuo2v")]
transform = Transform3D(-0.88491446, 0, -0.4657536, 0, 1, 0, 0.4657536, 0, -0.88491446, -13.676318, 0.5257387, -45.38935)
axis_lock_angular_x = true
axis_lock_angular_z = true
mass = 5.0
linear_damp = 3.0
player = NodePath("../Player")
speed = 250.0

[node name="PhysicsBodyZombie9" parent="." node_paths=PackedStringArray("player") groups=["Zombies"] instance=ExtResource("3_cuo2v")]
transform = Transform3D(-0.88491446, 0, -0.4657536, 0, 1, 0, 0.4657536, 0, -0.88491446, -12.552753, 0.5257387, -45.305977)
axis_lock_angular_x = true
axis_lock_angular_z = true
mass = 5.0
linear_damp = 3.0
player = NodePath("../Player")
speed = 250.0

[node name="PhysicsBodyZombie10" parent="." node_paths=PackedStringArray("player") groups=["Zombies"] instance=ExtResource("3_cuo2v")]
transform = Transform3D(-0.88491446, 0, -0.4657536, 0, 1, 0, 0.4657536, 0, -0.88491446, -12.615917, 0.5257387, -44.13528)
axis_lock_angular_x = true
axis_lock_angular_z = true
mass = 5.0
linear_damp = 3.0
player = NodePath("../Player")
speed = 250.0

[node name="PhysicsBodyZombie11" parent="." node_paths=PackedStringArray("player") groups=["Zombies"] instance=ExtResource("3_cuo2v")]
transform = Transform3D(-0.88491446, 0, -0.4657536, 0, 1, 0, 0.4657536, 0, -0.88491446, -11.347272, 0.5257387, -44.09367)
axis_lock_angular_x = true
axis_lock_angular_z = true
mass = 5.0
linear_damp = 3.0
player = NodePath("../Player")
speed = 250.0

[node name="PhysicsBodyZombie12" parent="." node_paths=PackedStringArray("player") groups=["Zombies"] instance=ExtResource("3_cuo2v")]
transform = Transform3D(-0.88491446, 0, -0.4657536, 0, 1, 0, 0.4657536, 0, -0.88491446, -11.276365, 0.5257387, -45.279114)
axis_lock_angular_x = true
axis_lock_angular_z = true
mass = 5.0
linear_damp = 3.0
player = NodePath("../Player")
speed = 250.0

[node name="PhysicsBodyZombie13" parent="." node_paths=PackedStringArray("player") groups=["Zombies"] instance=ExtResource("3_cuo2v")]
transform = Transform3D(-0.88491446, 0, -0.4657536, 0, 1, 0, 0.4657536, 0, -0.88491446, -12.665951, 0.5257387, -42.897552)
axis_lock_angular_x = true
axis_lock_angular_z = true
mass = 5.0
linear_damp = 3.0
player = NodePath("../Player")
speed = 250.0

[node name="PhysicsBodyZombie14" parent="." node_paths=PackedStringArray("player") groups=["Zombies"] instance=ExtResource("3_cuo2v")]
transform = Transform3D(-0.88491446, 0, -0.4657536, 0, 1, 0, 0.4657536, 0, -0.88491446, -12.729113, 0.5257387, -41.726856)
axis_lock_angular_x = true
axis_lock_angular_z = true
mass = 5.0
linear_damp = 3.0
player = NodePath("../Player")
speed = 250.0

[node name="PhysicsBodyZombie15" parent="." node_paths=PackedStringArray("player") groups=["Zombies"] instance=ExtResource("3_cuo2v")]
transform = Transform3D(-0.88491446, 0, -0.4657536, 0, 1, 0, 0.4657536, 0, -0.88491446, -11.460468, 0.5257387, -41.68525)
axis_lock_angular_x = true
axis_lock_angular_z = true
mass = 5.0
linear_damp = 3.0
player = NodePath("../Player")
speed = 250.0

[node name="PhysicsBodyZombie16" parent="." node_paths=PackedStringArray("player") groups=["Zombies"] instance=ExtResource("3_cuo2v")]
transform = Transform3D(-0.88491446, 0, -0.4657536, 0, 1, 0, 0.4657536, 0, -0.88491446, -11.389563, 0.5257387, -42.87069)
axis_lock_angular_x = true
axis_lock_angular_z = true
mass = 5.0
linear_damp = 3.0
player = NodePath("../Player")
speed = 250.0

[node name="PhysicsBodyZombie17" parent="." node_paths=PackedStringArray("player") groups=["Zombies"] instance=ExtResource("3_cuo2v")]
transform = Transform3D(-0.88491446, 0, -0.4657536, 0, 1, 0, 0.4657536, 0, -0.88491446, -14.805112, 0.52573776, -47.793587)
axis_lock_angular_x = true
axis_lock_angular_z = true
mass = 5.0
linear_damp = 3.0
player = NodePath("../Player")
speed = 250.0

[node name="PhysicsBodyZombie18" parent="." node_paths=PackedStringArray("player") groups=["Zombies"] instance=ExtResource("3_cuo2v")]
transform = Transform3D(-0.88491446, 0, -0.4657536, 0, 1, 0, 0.4657536, 0, -0.88491446, -14.868274, 0.52573776, -46.622894)
axis_lock_angular_x = true
axis_lock_angular_z = true
mass = 5.0
linear_damp = 3.0
player = NodePath("../Player")
speed = 250.0

[node name="PhysicsBodyZombie19" parent="." node_paths=PackedStringArray("player") groups=["Zombies"] instance=ExtResource("3_cuo2v")]
transform = Transform3D(-0.88491446, 0, -0.4657536, 0, 1, 0, 0.4657536, 0, -0.88491446, -13.599625, 0.52573776, -46.581284)
axis_lock_angular_x = true
axis_lock_angular_z = true
mass = 5.0
linear_damp = 3.0
player = NodePath("../Player")
speed = 250.0

[node name="PhysicsBodyZombie20" parent="." node_paths=PackedStringArray("player") groups=["Zombies"] instance=ExtResource("3_cuo2v")]
transform = Transform3D(-0.88491446, 0, -0.4657536, 0, 1, 0, 0.4657536, 0, -0.88491446, -13.528724, 0.52573776, -47.766724)
axis_lock_angular_x = true
axis_lock_angular_z = true
mass = 5.0
linear_damp = 3.0
player = NodePath("../Player")
speed = 250.0

[node name="PhysicsBodyZombie21" parent="." node_paths=PackedStringArray("player") groups=["Zombies"] instance=ExtResource("3_cuo2v")]
transform = Transform3D(-0.88491446, 0, -0.4657536, 0, 1, 0, 0.4657536, 0, -0.88491446, -14.677352, 0.5257387, -50.23594)
axis_lock_angular_x = true
axis_lock_angular_z = true
mass = 5.0
linear_damp = 3.0
player = NodePath("../Player")
speed = 250.0

[node name="PhysicsBodyZombie22" parent="." node_paths=PackedStringArray("player") groups=["Zombies"] instance=ExtResource("3_cuo2v")]
transform = Transform3D(-0.88491446, 0, -0.4657536, 0, 1, 0, 0.4657536, 0, -0.88491446, -14.740515, 0.5257387, -49.065243)
axis_lock_angular_x = true
axis_lock_angular_z = true
mass = 5.0
linear_damp = 3.0
player = NodePath("../Player")
speed = 250.0

[node name="PhysicsBodyZombie23" parent="." node_paths=PackedStringArray("player") groups=["Zombies"] instance=ExtResource("3_cuo2v")]
transform = Transform3D(-0.88491446, 0, -0.4657536, 0, 1, 0, 0.4657536, 0, -0.88491446, -13.471869, 0.5257387, -49.023636)
axis_lock_angular_x = true
axis_lock_angular_z = true
mass = 5.0
linear_damp = 3.0
player = NodePath("../Player")
speed = 250.0

[node name="PhysicsBodyZombie24" parent="." node_paths=PackedStringArray("player") groups=["Zombies"] instance=ExtResource("3_cuo2v")]
transform = Transform3D(-0.88491446, 0, -0.4657536, 0, 1, 0, 0.4657536, 0, -0.88491446, -13.400963, 0.5257387, -50.209076)
axis_lock_angular_x = true
axis_lock_angular_z = true
mass = 5.0
linear_damp = 3.0
player = NodePath("../Player")
speed = 250.0

[node name="PhysicsBodyZombie25" parent="." node_paths=PackedStringArray("player") groups=["Zombies"] instance=ExtResource("3_cuo2v")]
transform = Transform3D(-0.88491446, 0, -0.4657536, 0, 1, 0, 0.4657536, 0, -0.88491446, -12.2774, 0.5257387, -50.1257)
axis_lock_angular_x = true
axis_lock_angular_z = true
mass = 5.0
linear_damp = 3.0
player = NodePath("../Player")
speed = 250.0

[node name="PhysicsBodyZombie26" parent="." node_paths=PackedStringArray("player") groups=["Zombies"] instance=ExtResource("3_cuo2v")]
transform = Transform3D(-0.88491446, 0, -0.4657536, 0, 1, 0, 0.4657536, 0, -0.88491446, -12.340563, 0.5257387, -48.955006)
axis_lock_angular_x = true
axis_lock_angular_z = true
mass = 5.0
linear_damp = 3.0
player = NodePath("../Player")
speed = 250.0

[node name="PhysicsBodyZombie27" parent="." node_paths=PackedStringArray("player") groups=["Zombies"] instance=ExtResource("3_cuo2v")]
transform = Transform3D(-0.88491446, 0, -0.4657536, 0, 1, 0, 0.4657536, 0, -0.88491446, -11.071918, 0.5257387, -48.913395)
axis_lock_angular_x = true
axis_lock_angular_z = true
mass = 5.0
linear_damp = 3.0
player = NodePath("../Player")
speed = 250.0

[node name="PhysicsBodyZombie28" parent="." node_paths=PackedStringArray("player") groups=["Zombies"] instance=ExtResource("3_cuo2v")]
transform = Transform3D(-0.88491446, 0, -0.4657536, 0, 1, 0, 0.4657536, 0, -0.88491446, -11.001011, 0.5257387, -50.09884)
axis_lock_angular_x = true
axis_lock_angular_z = true
mass = 5.0
linear_damp = 3.0
player = NodePath("../Player")
speed = 250.0

[node name="PhysicsBodyZombie29" parent="." node_paths=PackedStringArray("player") groups=["Zombies"] instance=ExtResource("3_cuo2v")]
transform = Transform3D(-0.88491446, 0, -0.4657536, 0, 1, 0, 0.4657536, 0, -0.88491446, -12.390596, 0.5257387, -47.717278)
axis_lock_angular_x = true
axis_lock_angular_z = true
mass = 5.0
linear_damp = 3.0
player = NodePath("../Player")
speed = 250.0

[node name="PhysicsBodyZombie30" parent="." node_paths=PackedStringArray("player") groups=["Zombies"] instance=ExtResource("3_cuo2v")]
transform = Transform3D(-0.88491446, 0, -0.4657536, 0, 1, 0, 0.4657536, 0, -0.88491446, -12.453758, 0.5257387, -46.54658)
axis_lock_angular_x = true
axis_lock_angular_z = true
mass = 5.0
linear_damp = 3.0
player = NodePath("../Player")
speed = 250.0

[node name="PhysicsBodyZombie31" parent="." node_paths=PackedStringArray("player") groups=["Zombies"] instance=ExtResource("3_cuo2v")]
transform = Transform3D(-0.88491446, 0, -0.4657536, 0, 1, 0, 0.4657536, 0, -0.88491446, -11.185114, 0.5257387, -46.504974)
axis_lock_angular_x = true
axis_lock_angular_z = true
mass = 5.0
linear_damp = 3.0
player = NodePath("../Player")
speed = 250.0

[node name="PhysicsBodyZombie32" parent="." node_paths=PackedStringArray("player") groups=["Zombies"] instance=ExtResource("3_cuo2v")]
transform = Transform3D(-0.88491446, 0, -0.4657536, 0, 1, 0, 0.4657536, 0, -0.88491446, -11.114208, 0.5257387, -47.690414)
axis_lock_angular_x = true
axis_lock_angular_z = true
mass = 5.0
linear_damp = 3.0
player = NodePath("../Player")
speed = 250.0

[node name="PhysicsBodyZombie33" parent="." node_paths=PackedStringArray("player") groups=["Zombies"] instance=ExtResource("3_cuo2v")]
transform = Transform3D(-0.88491446, 0, -0.4657536, 0, 1, 0, 0.4657536, 0, -0.88491446, -15.541378, 0.52573776, -33.44262)
axis_lock_angular_x = true
axis_lock_angular_z = true
mass = 5.0
linear_damp = 3.0
player = NodePath("../Player")
speed = 250.0

[node name="PhysicsBodyZombie34" parent="." node_paths=PackedStringArray("player") groups=["Zombies"] instance=ExtResource("3_cuo2v")]
transform = Transform3D(-0.88491446, 0, -0.4657536, 0, 1, 0, 0.4657536, 0, -0.88491446, -15.60454, 0.52573776, -32.271927)
axis_lock_angular_x = true
axis_lock_angular_z = true
mass = 5.0
linear_damp = 3.0
player = NodePath("../Player")
speed = 250.0

[node name="PhysicsBodyZombie35" parent="." node_paths=PackedStringArray("player") groups=["Zombies"] instance=ExtResource("3_cuo2v")]
transform = Transform3D(-0.88491446, 0, -0.4657536, 0, 1, 0, 0.4657536, 0, -0.88491446, -14.335896, 0.52573776, -32.230316)
axis_lock_angular_x = true
axis_lock_angular_z = true
mass = 5.0
linear_damp = 3.0
player = NodePath("../Player")
speed = 250.0

[node name="PhysicsBodyZombie36" parent="." node_paths=PackedStringArray("player") groups=["Zombies"] instance=ExtResource("3_cuo2v")]
transform = Transform3D(-0.88491446, 0, -0.4657536, 0, 1, 0, 0.4657536, 0, -0.88491446, -14.26499, 0.52573776, -33.415756)
axis_lock_angular_x = true
axis_lock_angular_z = true
mass = 5.0
linear_damp = 3.0
player = NodePath("../Player")
speed = 250.0

[node name="PhysicsBodyZombie37" parent="." node_paths=PackedStringArray("player") groups=["Zombies"] instance=ExtResource("3_cuo2v")]
transform = Transform3D(-0.88491446, 0, -0.4657536, 0, 1, 0, 0.4657536, 0, -0.88491446, -15.413618, 0.5257387, -35.88497)
axis_lock_angular_x = true
axis_lock_angular_z = true
mass = 5.0
linear_damp = 3.0
player = NodePath("../Player")
speed = 250.0

[node name="PhysicsBodyZombie38" parent="." node_paths=PackedStringArray("player") groups=["Zombies"] instance=ExtResource("3_cuo2v")]
transform = Transform3D(-0.88491446, 0, -0.4657536, 0, 1, 0, 0.4657536, 0, -0.88491446, -15.476781, 0.5257387, -34.714275)
axis_lock_angular_x = true
axis_lock_angular_z = true
mass = 5.0
linear_damp = 3.0
player = NodePath("../Player")
speed = 250.0

[node name="PhysicsBodyZombie39" parent="." node_paths=PackedStringArray("player") groups=["Zombies"] instance=ExtResource("3_cuo2v")]
transform = Transform3D(-0.88491446, 0, -0.4657536, 0, 1, 0, 0.4657536, 0, -0.88491446, -14.208136, 0.5257387, -34.67267)
axis_lock_angular_x = true
axis_lock_angular_z = true
mass = 5.0
linear_damp = 3.0
player = NodePath("../Player")
speed = 250.0

[node name="PhysicsBodyZombie40" parent="." node_paths=PackedStringArray("player") groups=["Zombies"] instance=ExtResource("3_cuo2v")]
transform = Transform3D(-0.88491446, 0, -0.4657536, 0, 1, 0, 0.4657536, 0, -0.88491446, -14.13723, 0.5257387, -35.85811)
axis_lock_angular_x = true
axis_lock_angular_z = true
mass = 5.0
linear_damp = 3.0
player = NodePath("../Player")
speed = 250.0

[node name="PhysicsBodyZombie41" parent="." node_paths=PackedStringArray("player") groups=["Zombies"] instance=ExtResource("3_cuo2v")]
transform = Transform3D(-0.88491446, 0, -0.4657536, 0, 1, 0, 0.4657536, 0, -0.88491446, -13.013666, 0.5257387, -35.774734)
axis_lock_angular_x = true
axis_lock_angular_z = true
mass = 5.0
linear_damp = 3.0
player = NodePath("../Player")
speed = 250.0

[node name="PhysicsBodyZombie42" parent="." node_paths=PackedStringArray("player") groups=["Zombies"] instance=ExtResource("3_cuo2v")]
transform = Transform3D(-0.88491446, 0, -0.4657536, 0, 1, 0, 0.4657536, 0, -0.88491446, -13.076829, 0.5257387, -34.604042)
axis_lock_angular_x = true
axis_lock_angular_z = true
mass = 5.0
linear_damp = 3.0
player = NodePath("../Player")
speed = 250.0

[node name="PhysicsBodyZombie43" parent="." node_paths=PackedStringArray("player") groups=["Zombies"] instance=ExtResource("3_cuo2v")]
transform = Transform3D(-0.88491446, 0, -0.4657536, 0, 1, 0, 0.4657536, 0, -0.88491446, -11.808184, 0.5257387, -34.562424)
axis_lock_angular_x = true
axis_lock_angular_z = true
mass = 5.0
linear_damp = 3.0
player = NodePath("../Player")
speed = 250.0

[node name="PhysicsBodyZombie44" parent="." node_paths=PackedStringArray("player") groups=["Zombies"] instance=ExtResource("3_cuo2v")]
transform = Transform3D(-0.88491446, 0, -0.4657536, 0, 1, 0, 0.4657536, 0, -0.88491446, -11.737278, 0.5257387, -35.747868)
axis_lock_angular_x = true
axis_lock_angular_z = true
mass = 5.0
linear_damp = 3.0
player = NodePath("../Player")
speed = 250.0

[node name="PhysicsBodyZombie45" parent="." node_paths=PackedStringArray("player") groups=["Zombies"] instance=ExtResource("3_cuo2v")]
transform = Transform3D(-0.88491446, 0, -0.4657536, 0, 1, 0, 0.4657536, 0, -0.88491446, -13.1268635, 0.5257387, -33.36631)
axis_lock_angular_x = true
axis_lock_angular_z = true
mass = 5.0
linear_damp = 3.0
player = NodePath("../Player")
speed = 250.0

[node name="PhysicsBodyZombie46" parent="." node_paths=PackedStringArray("player") groups=["Zombies"] instance=ExtResource("3_cuo2v")]
transform = Transform3D(-0.88491446, 0, -0.4657536, 0, 1, 0, 0.4657536, 0, -0.88491446, -13.190025, 0.5257387, -32.195618)
axis_lock_angular_x = true
axis_lock_angular_z = true
mass = 5.0
linear_damp = 3.0
player = NodePath("../Player")
speed = 250.0

[node name="PhysicsBodyZombie47" parent="." node_paths=PackedStringArray("player") groups=["Zombies"] instance=ExtResource("3_cuo2v")]
transform = Transform3D(-0.88491446, 0, -0.4657536, 0, 1, 0, 0.4657536, 0, -0.88491446, -11.92138, 0.5257387, -32.154007)
axis_lock_angular_x = true
axis_lock_angular_z = true
mass = 5.0
linear_damp = 3.0
player = NodePath("../Player")
speed = 250.0

[node name="PhysicsBodyZombie48" parent="." node_paths=PackedStringArray("player") groups=["Zombies"] instance=ExtResource("3_cuo2v")]
transform = Transform3D(-0.88491446, 0, -0.4657536, 0, 1, 0, 0.4657536, 0, -0.88491446, -11.850475, 0.5257387, -33.339447)
axis_lock_angular_x = true
axis_lock_angular_z = true
mass = 5.0
