[gd_scene load_steps=32 format=3 uid="uid://b23w8nfi02hr8"]

[ext_resource type="PackedScene" uid="uid://ciyxmm6ty5ja7" path="res://player/player.tscn" id="1_k2kuj"]
[ext_resource type="PackedScene" uid="uid://b0uxdor3ulapy" path="res://HUD/PlayerHUD.tscn" id="2_ivai7"]
[ext_resource type="PackedScene" uid="uid://cye1qb57br4iq" path="res://player/camera.tscn" id="2_rmdli"]
[ext_resource type="PackedScene" uid="uid://ci0iwi5s058kt" path="res://zombie/physicsBodyZombie.tscn" id="3_cuo2v"]
[ext_resource type="PackedScene" uid="uid://vkg5y3fm8hck" path="res://assets/buildings/BrickBuilding1.glb" id="5_flkix"]
[ext_resource type="PackedScene" uid="uid://c4utnyn3q7p6s" path="res://assets/buildings/ConcreteBuilding.glb" id="6_1sq24"]
[ext_resource type="PackedScene" uid="uid://r3dx118qmdmb" path="res://assets/buildings/StoneBuilding.glb" id="7_1n8fv"]
[ext_resource type="PackedScene" uid="uid://dwrvmlv5uvslq" path="res://interactables/magazine_pickup.tscn" id="8_f2m37"]
[ext_resource type="Script" uid="uid://bg8w2kuh8o4pv" path="res://zombie/zombieManager.gd" id="9_7gt6q"]
[ext_resource type="PackedScene" uid="uid://cey8f4xefsg64" path="res://interactables/ammo_box_pickup.tscn" id="9_jrd10"]

[sub_resource type="ProceduralSkyMaterial" id="ProceduralSkyMaterial_rmdli"]
sky_horizon_color = Color(0.66224277, 0.6717428, 0.6867428, 1)
ground_horizon_color = Color(0.66224277, 0.6717428, 0.6867428, 1)

[sub_resource type="Sky" id="Sky_cuo2v"]
sky_material = SubResource("ProceduralSkyMaterial_rmdli")

[sub_resource type="Environment" id="Environment_ivai7"]
background_mode = 2
sky = SubResource("Sky_cuo2v")
ambient_light_source = 3
reflected_light_source = 2
tonemap_mode = 2
ssao_radius = 2.0
ssao_detail = 2.0
glow_enabled = true
volumetric_fog_density = 0.02
volumetric_fog_albedo = Color(0.8039216, 0.8666667, 1, 1)
volumetric_fog_emission = Color(0.0035191667, 0.0035191681, 0.0035191672, 1)
volumetric_fog_ambient_inject = 0.1

[sub_resource type="BoxMesh" id="BoxMesh_rmdli"]
size = Vector3(30, 75, 30)

[sub_resource type="ConcavePolygonShape3D" id="ConcavePolygonShape3D_cuo2v"]
data = PackedVector3Array(-15, 37.5, 15, 15, 37.5, 15, -15, -37.5, 15, 15, 37.5, 15, 15, -37.5, 15, -15, -37.5, 15, 15, 37.5, -15, -15, 37.5, -15, 15, -37.5, -15, -15, 37.5, -15, -15, -37.5, -15, 15, -37.5, -15, 15, 37.5, 15, 15, 37.5, -15, 15, -37.5, 15, 15, 37.5, -15, 15, -37.5, -15, 15, -37.5, 15, -15, 37.5, -15, -15, 37.5, 15, -15, -37.5, -15, -15, 37.5, 15, -15, -37.5, 15, -15, -37.5, -15, 15, 37.5, 15, -15, 37.5, 15, 15, 37.5, -15, -15, 37.5, 15, -15, 37.5, -15, 15, 37.5, -15, -15, -37.5, 15, 15, -37.5, 15, -15, -37.5, -15, 15, -37.5, 15, 15, -37.5, -15, -15, -37.5, -15)

[sub_resource type="StandardMaterial3D" id="StandardMaterial3D_ivai7"]
albedo_color = Color(0.5609549, 0.5609549, 0.5609549, 1)

[sub_resource type="PlaneMesh" id="PlaneMesh_flkix"]
size = Vector2(400, 400)

[sub_resource type="BoxShape3D" id="BoxShape3D_j7lw7"]
size = Vector3(400.068, 2, 400.04)

[sub_resource type="BoxShape3D" id="BoxShape3D_flkix"]
size = Vector3(0.99853516, 4.4077454, 1.99823)

[sub_resource type="BoxShape3D" id="BoxShape3D_1sq24"]
size = Vector3(0.99853516, 4.4077454, 20.768112)

[sub_resource type="ConcavePolygonShape3D" id="ConcavePolygonShape3D_1n8fv"]
data = PackedVector3Array(-1.555, -1, 0.555, -1.555, 1, -1.4449999, -1.555, 1, 0.555, -1.555, -1, 0.555, -1.555, -1, -1.4449999, -1.555, 1, -1.4449999, -1.555, -1, -1.4449999, -0.555, 1, -1.4449999, -1.555, 1, -1.4449999, -1.555, -1, -1.4449999, -0.555, -1, -1.4449999, -0.555, 1, -1.4449999, -0.555, -1, -1.4449999, 0.4407, 1, -1.4449999, -0.555, 1, -1.4449999, -0.555, -1, -1.4449999, 0.4407, -1, -1.4449999, 0.4407, 1, -1.4449999, -0.555, -1, 0.555, -1.555, 1, 0.555, -0.555, 1, 0.555, -0.555, -1, 0.555, -1.555, -1, 0.555, -1.555, 1, 0.555, -1.555, -1, -1.4449999, -0.555, -1, 0.555, -0.555, -1, -1.4449999, -1.555, -1, -1.4449999, -1.555, -1, 0.555, -0.555, -1, 0.555, -0.555, -1, -1.4449999, 1.4449999, -1, -0.4407, 0.4407, -1, -1.4449999, -0.555, -1, -1.4449999, 1.4449999, -1, 0.555, 1.4449999, -1, -0.4407, 1.4449999, -1, 0.555, -0.555, -1, -1.4449999, -0.555, -1, 0.555, -0.555, -1, 0.555, 1.4449999, -1, 1.555, 1.4449999, -1, 0.555, -0.555, -1, 0.555, -0.555, -1, 1.555, 1.4449999, -1, 1.555, -0.555, 1, -1.4449999, -1.555, 1, 0.555, -1.555, 1, -1.4449999, -0.555, 1, -1.4449999, -0.555, 1, 0.555, -1.555, 1, 0.555, 0.4407, 1, -1.4449999, -0.555, 1, 0.555, -0.555, 1, -1.4449999, -0.555, 1, 0.555, 0.4407, 1, -1.4449999, 1.4449999, 1, -0.4407, -0.555, 1, 0.555, 1.4449999, 1, -0.4407, 1.4449999, 1, 0.555, 1.4449999, 1, 0.555, -0.555, 1, 1.555, -0.555, 1, 0.555, 1.4449999, 1, 0.555, 1.4449999, 1, 1.555, -0.555, 1, 1.555, -0.555, 1, 1.555, 1.4449999, -1, 1.555, -0.555, -1, 1.555, -0.555, 1, 1.555, 1.4449999, 1, 1.555, 1.4449999, -1, 1.555, 1.4449999, -1, 0.555, 1.4449999, 1, 1.555, 1.4449999, 1, 0.555, 1.4449999, -1, 0.555, 1.4449999, -1, 1.555, 1.4449999, 1, 1.555, 1.4449999, -1, -0.4407, 1.4449999, -1, 0.555, 1.4449999, 1, 0.555, 1.4449999, -1, -0.4407, 1.4449999, 1, 0.555, 1.4449999, 1, -0.4407, -0.555, 1, 0.555, -0.555, -1, 1.555, -0.555, -1, 0.555, -0.555, 1, 0.555, -0.555, 1, 1.555, -0.555, -1, 1.555, 1.4449999, 1, -0.4407, 0.4407, -1, -1.4449999, 1.4449999, -1, -0.4407, 1.4449999, 1, -0.4407, 0.4407, 1, -1.4449999, 0.4407, -1, -1.4449999)

[sub_resource type="BoxShape3D" id="BoxShape3D_1n8fv"]
size = Vector3(1.0097656, 40.00168, 0.9584961)

[sub_resource type="BoxShape3D" id="BoxShape3D_f2m37"]
size = Vector3(20.50586, 40.00168, 20.512115)

[sub_resource type="ConcavePolygonShape3D" id="ConcavePolygonShape3D_f2m37"]
data = PackedVector3Array(-20, -12, 12, -20, 12, -12, -20, 12, 12, -20, -12, 12, -20, -12, -12, -20, 12, -12, 20, -12, 12, -20, 12, 12, 20, 12, 12, 20, -12, 12, -20, -12, 12, -20, 12, 12, 20, 12, -1.0002999, 8.999499, -12, -12, 20, -12, -1.0002999, 20, 12, -1.0002999, 8.999499, 12, -12, 8.999499, -12, -12, -20, -12, 12, 8.999499, -12, -12, -20, -12, -12, 8.999499, -12, -12, -20, -12, 12, 20, -12, 12, 8.999499, -12, -12, 20, -12, 12, 20, -12, -1.0002999, -20, -12, -12, 8.999499, 12, -12, -20, 12, -12, -20, -12, -12, 8.999499, -12, -12, 8.999499, 12, -12, 20, -12, -1.0002999, 20, 12, 12, 20, 12, -1.0002999, 20, -12, -1.0002999, 20, -12, 12, 20, 12, 12, 20, 12, 12, 8.999499, 12, -12, 20, 12, -1.0002999, 8.999499, 12, -12, 20, 12, 12, -20, 12, 12, 8.999499, 12, -12, -20, 12, 12, -20, 12, -12)

[sub_resource type="BoxShape3D" id="BoxShape3D_jrd10"]
size = Vector3(29.385864, 0.80126953, 0.94189453)

[sub_resource type="BoxShape3D" id="BoxShape3D_7gt6q"]
size = Vector3(42.053497, 0.80126953, 0.6286621)

[sub_resource type="BoxShape3D" id="BoxShape3D_2nvxa"]
size = Vector3(24.583164, 0.80126953, 1.079956)

[sub_resource type="BoxShape3D" id="BoxShape3D_v4irj"]
size = Vector3(13.011025, 0.80126953, 1.079956)

[sub_resource type="BoxShape3D" id="BoxShape3D_xcthq"]
size = Vector3(16.334263, 0.80126953, 1.0892944)

[sub_resource type="BoxShape3D" id="BoxShape3D_dik5q"]
size = Vector3(400.1161, 35.005646, 1)

[sub_resource type="BoxMesh" id="BoxMesh_7gt6q"]

[node name="City" type="Node3D"]

[node name="WorldEnvironment" type="WorldEnvironment" parent="."]
environment = SubResource("Environment_ivai7")

[node name="DirectionalLight3D" type="DirectionalLight3D" parent="."]
transform = Transform3D(-0.8660254, -0.43301278, 0.25, 0, 0.49999997, 0.86602545, -0.50000006, 0.75, -0.43301266, 0, 0, 0)
shadow_enabled = true
directional_shadow_split_1 = 0.05
directional_shadow_split_2 = 0.15
directional_shadow_split_3 = 0.4
directional_shadow_blend_splits = true
directional_shadow_max_distance = 135.0

[node name="StaticBody3D5" type="StaticBody3D" parent="." groups=["building"]]
transform = Transform3D(1, 0, 0, 0, 1, 0, 0, 0, 1, 63.952282, 21, -112.37538)
collision_layer = 5

[node name="MeshInstance3D" type="MeshInstance3D" parent="StaticBody3D5"]
transform = Transform3D(1, 0, 0, 0, 1, 0, 0, 0, 1, 0, 16.055279, 0)
mesh = SubResource("BoxMesh_rmdli")
skeleton = NodePath("")

[node name="CollisionShape3D" type="CollisionShape3D" parent="StaticBody3D5"]
transform = Transform3D(1, 0, 0, 0, 1, 0, 0, 0, 1, 0, 16.055279, 0)
shape = SubResource("ConcavePolygonShape3D_cuo2v")

[node name="StaticBody3D6" type="StaticBody3D" parent="." groups=["building"]]
transform = Transform3D(1, 0, 0, 0, 1, 0, 0, 0, 1, -29.864388, 21, -113.96272)
collision_layer = 5

[node name="MeshInstance3D" type="MeshInstance3D" parent="StaticBody3D6"]
mesh = SubResource("BoxMesh_rmdli")
skeleton = NodePath("")

[node name="CollisionShape3D" type="CollisionShape3D" parent="StaticBody3D6"]
transform = Transform3D(1, 0, 0, 0, 1, 0, 0, 0, 1, 0, 16.055279, 0)
shape = SubResource("ConcavePolygonShape3D_cuo2v")

[node name="StaticBody3D8" type="StaticBody3D" parent="." groups=["building"]]
transform = Transform3D(1, 0, 0, 0, 1, 0, 0, 0, 1, 91.75021, 21, -50.323746)
collision_layer = 5

[node name="MeshInstance3D" type="MeshInstance3D" parent="StaticBody3D8"]
transform = Transform3D(1, 0, 0, 0, 1, 0, 0, 0, 1, 0, 16.055279, 0)
mesh = SubResource("BoxMesh_rmdli")
skeleton = NodePath("")

[node name="CollisionShape3D" type="CollisionShape3D" parent="StaticBody3D8"]
transform = Transform3D(1, 0, 0, 0, 1, 0, 0, 0, 1, 0, 16.055279, 0)
shape = SubResource("ConcavePolygonShape3D_cuo2v")

[node name="StaticBody3D9" type="StaticBody3D" parent="." groups=["building"]]
transform = Transform3D(1, 0, 0, 0, 1, 0, 0, 0, 1, 14.613706, 21, -17.034962)
collision_layer = 5

[node name="MeshInstance3D" type="MeshInstance3D" parent="StaticBody3D9"]
transform = Transform3D(1, 0, 0, 0, 1, 0, 0, 0, 1, 0, 16.055279, 0)
mesh = SubResource("BoxMesh_rmdli")
skeleton = NodePath("")

[node name="CollisionShape3D" type="CollisionShape3D" parent="StaticBody3D9"]
transform = Transform3D(1, 0, 0, 0, 1, 0, 0, 0, 1, 0, 16.055279, 0)
shape = SubResource("ConcavePolygonShape3D_cuo2v")

[node name="StaticBody3D10" type="StaticBody3D" parent="." groups=["building"]]
transform = Transform3D(1, 0, 0, 0, 1, 0, 0, 0, 1, -29.864388, 21, -17.239582)
collision_layer = 5

[node name="MeshInstance3D" type="MeshInstance3D" parent="StaticBody3D10"]
transform = Transform3D(1, 0, 0, 0, 1, 0, 0, 0, 1, 0, 16.055279, 0)
mesh = SubResource("BoxMesh_rmdli")
skeleton = NodePath("")

[node name="CollisionShape3D" type="CollisionShape3D" parent="StaticBody3D10"]
transform = Transform3D(1, 0, 0, 0, 1, 0, 0, 0, 1, 0, 16.055279, 0)
shape = SubResource("ConcavePolygonShape3D_cuo2v")

[node name="StaticBody3D25" type="StaticBody3D" parent="." groups=["building"]]
transform = Transform3D(1, 0, 0, 0, 1, 0, 0, 0, 1, -68.3297, 21, -114.47377)
collision_layer = 5

[node name="MeshInstance3D" type="MeshInstance3D" parent="StaticBody3D25"]
transform = Transform3D(1, 0, 0, 0, 1, 0, 0, 0, 1, 0, 16.055279, 0)
mesh = SubResource("BoxMesh_rmdli")
skeleton = NodePath("")

[node name="CollisionShape3D" type="CollisionShape3D" parent="StaticBody3D25"]
transform = Transform3D(1, 0, 0, 0, 1, 0, 0, 0, 1, 0, 16.055279, 0)
shape = SubResource("ConcavePolygonShape3D_cuo2v")

[node name="StaticBody3D26" type="StaticBody3D" parent="." groups=["building"]]
transform = Transform3D(1, 0, 0, 0, 1, 0, 0, 0, 1, 96.40929, 20.999992, -112.159325)
collision_layer = 5

[node name="MeshInstance3D" type="MeshInstance3D" parent="StaticBody3D26"]
transform = Transform3D(1, 0, 0, 0, 1, 0, 0, 0, 1, 0, 16.055279, 0)
mesh = SubResource("BoxMesh_rmdli")
skeleton = NodePath("")

[node name="CollisionShape3D" type="CollisionShape3D" parent="StaticBody3D26"]
transform = Transform3D(1, 0, 0, 0, 1, 0, 0, 0, 1, 0, 16.055279, 0)
shape = SubResource("ConcavePolygonShape3D_cuo2v")

[node name="StaticBody3D27" type="StaticBody3D" parent="." groups=["building"]]
transform = Transform3D(1, 0, 0, 0, 1, 0, 0, 0, 1, -68.3297, 21, -17.239582)
collision_layer = 5

[node name="MeshInstance3D" type="MeshInstance3D" parent="StaticBody3D27"]
transform = Transform3D(1, 0, 0, 0, 1, 0, 0, 0, 1, 0, 16.055279, 0)
mesh = SubResource("BoxMesh_rmdli")
skeleton = NodePath("")

[node name="CollisionShape3D" type="CollisionShape3D" parent="StaticBody3D27"]
transform = Transform3D(1, 0, 0, 0, 1, 0, 0, 0, 1, 0, 16.055279, 0)
shape = SubResource("ConcavePolygonShape3D_cuo2v")

[node name="StaticBody3D28" type="StaticBody3D" parent="." groups=["building"]]
transform = Transform3D(1, 0, 0, 0, 1, 0, 0, 0, 1, -127.66272, 21, -94.64673)
collision_layer = 5

[node name="MeshInstance3D" type="MeshInstance3D" parent="StaticBody3D28"]
transform = Transform3D(1, 0, 0, 0, 1, 0, 0, 0, 1, 0, 16.055279, 0)
mesh = SubResource("BoxMesh_rmdli")
skeleton = NodePath("")

[node name="CollisionShape3D" type="CollisionShape3D" parent="StaticBody3D28"]
transform = Transform3D(1, 0, 0, 0, 1, 0, 0, 0, 1, 0, 16.055279, 0)
shape = SubResource("ConcavePolygonShape3D_cuo2v")

[node name="StaticBody3D29" type="StaticBody3D" parent="." groups=["building"]]
transform = Transform3D(1, 0, 0, 0, 1, 0, 0, 0, 1, -127.66272, 21, -50.323746)
collision_layer = 5

[node name="MeshInstance3D" type="MeshInstance3D" parent="StaticBody3D29"]
transform = Transform3D(1, 0, 0, 0, 1, 0, 0, 0, 1, 0, 16.055279, 0)
mesh = SubResource("BoxMesh_rmdli")
skeleton = NodePath("")

[node name="CollisionShape3D" type="CollisionShape3D" parent="StaticBody3D29"]
transform = Transform3D(1, 0, 0, 0, 1, 0, 0, 0, 1, 0, 16.055279, 0)
shape = SubResource("ConcavePolygonShape3D_cuo2v")

[node name="StaticBody3D30" type="StaticBody3D" parent="." groups=["building"]]
transform = Transform3D(1, 0, 0, 0, 1, 0, 0, 0, 1, -127.66272, 21, -17.239582)
collision_layer = 5

[node name="MeshInstance3D" type="MeshInstance3D" parent="StaticBody3D30"]
transform = Transform3D(1, 0, 0, 0, 1, 0, 0, 0, 1, 0, 16.055279, 0)
mesh = SubResource("BoxMesh_rmdli")
skeleton = NodePath("")

[node name="CollisionShape3D" type="CollisionShape3D" parent="StaticBody3D30"]
transform = Transform3D(1, 0, 0, 0, 1, 0, 0, 0, 1, 0, 16.055279, 0)
shape = SubResource("ConcavePolygonShape3D_cuo2v")

[node name="StaticBody3D31" type="StaticBody3D" parent="." groups=["building"]]
transform = Transform3D(1, 0, 0, 0, 1, 0, 0, 0, 1, -127.66272, 21, 15.509918)
collision_layer = 5

[node name="MeshInstance3D" type="MeshInstance3D" parent="StaticBody3D31"]
transform = Transform3D(1, 0, 0, 0, 1, 0, 0, 0, 1, 0, 16.055279, 0)
mesh = SubResource("BoxMesh_rmdli")
skeleton = NodePath("")

[node name="CollisionShape3D" type="CollisionShape3D" parent="StaticBody3D31"]
transform = Transform3D(1, 0, 0, 0, 1, 0, 0, 0, 1, 0, 16.055279, 0)
shape = SubResource("ConcavePolygonShape3D_cuo2v")

[node name="StaticBody3D32" type="StaticBody3D" parent="." groups=["building"]]
transform = Transform3D(1, 0, 0, 0, 1, 0, 0, 0, 1, -127.66272, 21, 59.8329)
collision_layer = 5

[node name="MeshInstance3D" type="MeshInstance3D" parent="StaticBody3D32"]
transform = Transform3D(1, 0, 0, 0, 1, 0, 0, 0, 1, 0, 16.055279, 0)
mesh = SubResource("BoxMesh_rmdli")
skeleton = NodePath("")

[node name="MeshInstance3D2" type="MeshInstance3D" parent="StaticBody3D32"]
transform = Transform3D(1, 0, 0, 0, 1, 0, 0, 0, 1, 0, 16.055279, 0)
mesh = SubResource("BoxMesh_rmdli")
skeleton = NodePath("")

[node name="CollisionShape3D" type="CollisionShape3D" parent="StaticBody3D32"]
transform = Transform3D(1, 0, 0, 0, 1, 0, 0, 0, 1, 0, 16.055279, 0)
shape = SubResource("ConcavePolygonShape3D_cuo2v")

[node name="StaticBody3D34" type="StaticBody3D" parent="." groups=["building"]]
transform = Transform3D(1, 0, 0, 0, 1, 0, 0, 0, 1, -68.013145, 21, 16.67247)
collision_layer = 5

[node name="MeshInstance3D" type="MeshInstance3D" parent="StaticBody3D34"]
transform = Transform3D(1, 0, 0, 0, 1, 0, 0, 0, 1, 0, 16.055279, 0)
mesh = SubResource("BoxMesh_rmdli")
skeleton = NodePath("")

[node name="CollisionShape3D" type="CollisionShape3D" parent="StaticBody3D34"]
transform = Transform3D(1, 0, 0, 0, 1, 0, 0, 0, 1, 0, 16.055279, 0)
shape = SubResource("ConcavePolygonShape3D_cuo2v")

[node name="StaticBody3D33" type="StaticBody3D" parent="." groups=["building"]]
transform = Transform3D(1, 0, 0, 0, 1, 0, 0, 0, 1, -127.66272, 21, 92.91707)
collision_layer = 5

[node name="MeshInstance3D" type="MeshInstance3D" parent="StaticBody3D33"]
transform = Transform3D(1, 0, 0, 0, 1, 0, 0, 0, 1, 0, 16.055279, 0)
mesh = SubResource("BoxMesh_rmdli")
skeleton = NodePath("")

[node name="CollisionShape3D" type="CollisionShape3D" parent="StaticBody3D33"]
transform = Transform3D(1, 0, 0, 0, 1, 0, 0, 0, 1, 0, 16.055279, 0)
shape = SubResource("ConcavePolygonShape3D_cuo2v")

[node name="StaticBody3D13" type="StaticBody3D" parent="." groups=["building"]]
transform = Transform3D(1, 0, 0, 0, 1, 0, 0, 0, 1, 91.29674, 21, -17.034962)
collision_layer = 5

[node name="MeshInstance3D" type="MeshInstance3D" parent="StaticBody3D13"]
transform = Transform3D(1, 0, 0, 0, 1, 0, 0, 0, 1, 0, 16.055279, 0)
mesh = SubResource("BoxMesh_rmdli")
skeleton = NodePath("")

[node name="CollisionShape3D" type="CollisionShape3D" parent="StaticBody3D13"]
transform = Transform3D(1, 0, 0, 0, 1, 0, 0, 0, 1, 0, 16.055279, 0)
shape = SubResource("ConcavePolygonShape3D_cuo2v")

[node name="StaticBody3D14" type="StaticBody3D" parent="." groups=["building"]]
transform = Transform3D(1, 0, 0, 0, 1, 0, 0, 0, 1, 46.81864, 21, -17.239582)
collision_layer = 5

[node name="MeshInstance3D" type="MeshInstance3D" parent="StaticBody3D14"]
transform = Transform3D(1, 0, 0, 0, 1, 0, 0, 0, 1, 0, 16.055279, 0)
mesh = SubResource("BoxMesh_rmdli")
skeleton = NodePath("")

[node name="CollisionShape3D" type="CollisionShape3D" parent="StaticBody3D14"]
transform = Transform3D(1, 0, 0, 0, 1, 0, 0, 0, 1, 0, 16.055279, 0)
shape = SubResource("ConcavePolygonShape3D_cuo2v")

[node name="StaticBody3D15" type="StaticBody3D" parent="." groups=["building"]]
transform = Transform3D(1, 0, 0, 0, 1, 0, 0, 0, 1, 91.29674, 21, -17.034962)
collision_layer = 5

[node name="MeshInstance3D" type="MeshInstance3D" parent="StaticBody3D15"]
transform = Transform3D(1, 0, 0, 0, 1, 0, 0, 0, 1, 0, 16.055279, 0)
mesh = SubResource("BoxMesh_rmdli")
skeleton = NodePath("")

[node name="CollisionShape3D" type="CollisionShape3D" parent="StaticBody3D15"]
transform = Transform3D(1, 0, 0, 0, 1, 0, 0, 0, 1, 0, 16.055279, 0)
shape = SubResource("ConcavePolygonShape3D_cuo2v")

[node name="StaticBody3D16" type="StaticBody3D" parent="." groups=["building"]]
transform = Transform3D(1, 0, 0, 0, 1, 0, 0, 0, 1, 46.81864, 21, -17.239582)
collision_layer = 5

[node name="MeshInstance3D" type="MeshInstance3D" parent="StaticBody3D16"]
transform = Transform3D(1, 0, 0, 0, 1, 0, 0, 0, 1, 0, 16.055279, 0)
mesh = SubResource("BoxMesh_rmdli")
skeleton = NodePath("")

[node name="CollisionShape3D" type="CollisionShape3D" parent="StaticBody3D16"]
transform = Transform3D(1, 0, 0, 0, 1, 0, 0, 0, 1, 0, 16.055279, 0)
shape = SubResource("ConcavePolygonShape3D_cuo2v")

[node name="StaticBody3D11" type="StaticBody3D" parent="." groups=["building"]]
transform = Transform3D(0.94183475, 0, -0.33607632, 0, 1, 0, 0.33607632, 0, 0.94183475, 5.6051626, 21, 35.24756)
collision_layer = 5

[node name="MeshInstance3D" type="MeshInstance3D" parent="StaticBody3D11"]
transform = Transform3D(1, 0, 0, 0, 1, 0, 0, 0, 1, 0, 16.055279, 0)
mesh = SubResource("BoxMesh_rmdli")
skeleton = NodePath("")

[node name="CollisionShape3D" type="CollisionShape3D" parent="StaticBody3D11"]
transform = Transform3D(1, 0, 0, 0, 1, 0, 0, 0, 1, 0, 16.055279, 0)
shape = SubResource("ConcavePolygonShape3D_cuo2v")

[node name="StaticBody3D12" type="StaticBody3D" parent="." groups=["building"]]
transform = Transform3D(0.94183475, 0, -0.33607632, 0, 1, 0, 0.33607632, 0, 0.94183475, -36.21708, 21, 20.106812)
collision_layer = 5

[node name="MeshInstance3D" type="MeshInstance3D" parent="StaticBody3D12"]
transform = Transform3D(1, 0, 0, 0, 1, 0, 0, 0, 1, 0, 16.055279, 0)
mesh = SubResource("BoxMesh_rmdli")
skeleton = NodePath("")

[node name="CollisionShape3D" type="CollisionShape3D" parent="StaticBody3D12"]
transform = Transform3D(1, 0, 0, 0, 1, 0, 0, 0, 1, 0, 16.055279, 0)
shape = SubResource("ConcavePolygonShape3D_cuo2v")

[node name="StaticBody3D19" type="StaticBody3D" parent="." groups=["building"]]
transform = Transform3D(0.94183475, 0, -0.33607632, 0, 1, 0, 0.33607632, 0, 0.94183475, -6.938243, 21, 70.09337)
collision_layer = 5

[node name="MeshInstance3D" type="MeshInstance3D" parent="StaticBody3D19"]
transform = Transform3D(1, 0, 0, 0, 1, 0, 0, 0, 1, 0, 16.055279, 0)
mesh = SubResource("BoxMesh_rmdli")
skeleton = NodePath("")

[node name="CollisionShape3D" type="CollisionShape3D" parent="StaticBody3D19"]
transform = Transform3D(1, 0, 0, 0, 1, 0, 0, 0, 1, 0, 16.055279, 0)
shape = SubResource("ConcavePolygonShape3D_cuo2v")

[node name="StaticBody3D20" type="StaticBody3D" parent="." groups=["building"]]
transform = Transform3D(0.94183475, 0, -0.33607632, 0, 1, 0, 0.33607632, 0, 0.94183475, -48.760483, 21, 54.95262)
collision_layer = 5

[node name="MeshInstance3D" type="MeshInstance3D" parent="StaticBody3D20"]
transform = Transform3D(1, 0, 0, 0, 1, 0, 0, 0, 1, 0, 16.055279, 0)
mesh = SubResource("BoxMesh_rmdli")
skeleton = NodePath("")

[node name="CollisionShape3D" type="CollisionShape3D" parent="StaticBody3D20"]
transform = Transform3D(1, 0, 0, 0, 1, 0, 0, 0, 1, 0, 16.055279, 0)
shape = SubResource("ConcavePolygonShape3D_cuo2v")

[node name="StaticBody3D21" type="StaticBody3D" parent="." groups=["building"]]
transform = Transform3D(0.94183475, 0, -0.33607632, 0, 1, 0, 0.33607632, 0, 0.94183475, -26.618382, 21, 125.64981)
collision_layer = 5

[node name="MeshInstance3D" type="MeshInstance3D" parent="StaticBody3D21"]
transform = Transform3D(1, 0, 0, 0, 1, 0, 0, 0, 1, 0, 16.055279, 0)
mesh = SubResource("BoxMesh_rmdli")
skeleton = NodePath("")

[node name="CollisionShape3D" type="CollisionShape3D" parent="StaticBody3D21"]
transform = Transform3D(1, 0, 0, 0, 1, 0, 0, 0, 1, 0, 16.055279, 0)
shape = SubResource("ConcavePolygonShape3D_cuo2v")

[node name="StaticBody3D22" type="StaticBody3D" parent="." groups=["building"]]
transform = Transform3D(0.94183475, 0, -0.33607632, 0, 1, 0, 0.33607632, 0, 0.94183475, -68.44063, 21, 110.50906)
collision_layer = 5

[node name="MeshInstance3D" type="MeshInstance3D" parent="StaticBody3D22"]
transform = Transform3D(1, 0, 0, 0, 1, 0, 0, 0, 1, 0, 16.055279, 0)
mesh = SubResource("BoxMesh_rmdli")
skeleton = NodePath("")

[node name="CollisionShape3D" type="CollisionShape3D" parent="StaticBody3D22"]
transform = Transform3D(1, 0, 0, 0, 1, 0, 0, 0, 1, 0, 16.055279, 0)
shape = SubResource("ConcavePolygonShape3D_cuo2v")

[node name="StaticBody3D23" type="StaticBody3D" parent="." groups=["building"]]
transform = Transform3D(0.94183475, 0, -0.33607632, 0, 1, 0, 0.33607632, 0, 0.94183475, -39.16179, 21, 160.49562)
collision_layer = 5

[node name="MeshInstance3D" type="MeshInstance3D" parent="StaticBody3D23"]
transform = Transform3D(1, 0, 0, 0, 1, 0, 0, 0, 1, 0, 16.055279, 0)
mesh = SubResource("BoxMesh_rmdli")
skeleton = NodePath("")

[node name="CollisionShape3D" type="CollisionShape3D" parent="StaticBody3D23"]
transform = Transform3D(1, 0, 0, 0, 1, 0, 0, 0, 1, 0, 16.055279, 0)
shape = SubResource("ConcavePolygonShape3D_cuo2v")

[node name="StaticBody3D24" type="StaticBody3D" parent="." groups=["building"]]
transform = Transform3D(0.94183475, 0, -0.33607632, 0, 1, 0, 0.33607632, 0, 0.94183475, -80.98403, 21, 145.35487)
collision_layer = 5

[node name="MeshInstance3D" type="MeshInstance3D" parent="StaticBody3D24"]
transform = Transform3D(1, 0, 0, 0, 1, 0, 0, 0, 1, 0, 16.055279, 0)
mesh = SubResource("BoxMesh_rmdli")
skeleton = NodePath("")

[node name="CollisionShape3D" type="CollisionShape3D" parent="StaticBody3D24"]
transform = Transform3D(1, 0, 0, 0, 1, 0, 0, 0, 1, 0, 16.055279, 0)
shape = SubResource("ConcavePolygonShape3D_cuo2v")

[node name="StaticBody3D17" type="StaticBody3D" parent="." groups=["building"]]
transform = Transform3D(0.94183475, 0, -0.33607632, 0, 1, 0, 0.33607632, 0, 0.94183475, 84.16751, 21, 63.82312)
collision_layer = 5

[node name="MeshInstance3D" type="MeshInstance3D" parent="StaticBody3D17"]
transform = Transform3D(1, 0, 0, 0, 1, 0, 0, 0, 1, 0, 16.055279, 0)
mesh = SubResource("BoxMesh_rmdli")
skeleton = NodePath("")

[node name="CollisionShape3D" type="CollisionShape3D" parent="StaticBody3D17"]
transform = Transform3D(1, 0, 0, 0, 1, 0, 0, 0, 1, 0, 16.055279, 0)
shape = SubResource("ConcavePolygonShape3D_cuo2v")

[node name="StaticBody3D18" type="StaticBody3D" parent="." groups=["building"]]
transform = Transform3D(0.94183475, 0, -0.33607632, 0, 1, 0, 0.33607632, 0, 0.94183475, 42.34527, 21, 48.682373)
collision_layer = 5

[node name="MeshInstance3D" type="MeshInstance3D" parent="StaticBody3D18"]
transform = Transform3D(1, 0, 0, 0, 1, 0, 0, 0, 1, 0, 16.055279, 0)
mesh = SubResource("BoxMesh_rmdli")
skeleton = NodePath("")

[node name="CollisionShape3D" type="CollisionShape3D" parent="StaticBody3D18"]
transform = Transform3D(1, 0, 0, 0, 1, 0, 0, 0, 1, 0, 16.055279, 0)
shape = SubResource("ConcavePolygonShape3D_cuo2v")

[node name="StaticBody3D35" type="StaticBody3D" parent="." groups=["building"]]
transform = Transform3D(0.94183475, 0, -0.33607632, 0, 1, 0, 0.33607632, 0, 0.94183475, 71.49362, 20.999985, 98.245026)
collision_layer = 5

[node name="MeshInstance3D" type="MeshInstance3D" parent="StaticBody3D35"]
transform = Transform3D(1, 0, 0, 0, 1, 0, 0, 0, 1, 0, 16.055279, 0)
mesh = SubResource("BoxMesh_rmdli")
skeleton = NodePath("")

[node name="CollisionShape3D" type="CollisionShape3D" parent="StaticBody3D35"]
transform = Transform3D(1, 0, 0, 0, 1, 0, 0, 0, 1, 0, 16.055279, 0)
shape = SubResource("ConcavePolygonShape3D_cuo2v")

[node name="StaticBody3D36" type="StaticBody3D" parent="." groups=["building"]]
transform = Transform3D(0.94183475, 0, -0.33607632, 0, 1, 0, 0.33607632, 0, 0.94183475, 29.67138, 20.999985, 83.10428)
collision_layer = 5

[node name="MeshInstance3D" type="MeshInstance3D" parent="StaticBody3D36"]
transform = Transform3D(1, 0, 0, 0, 1, 0, 0, 0, 1, 0, 16.055279, 0)
mesh = SubResource("BoxMesh_rmdli")
skeleton = NodePath("")

[node name="CollisionShape3D" type="CollisionShape3D" parent="StaticBody3D36"]
transform = Transform3D(1, 0, 0, 0, 1, 0, 0, 0, 1, 0, 16.055279, 0)
shape = SubResource("ConcavePolygonShape3D_cuo2v")

[node name="StaticBody3D" type="StaticBody3D" parent="." groups=["ground"]]
collision_layer = 5

[node name="MeshInstance3D" type="MeshInstance3D" parent="StaticBody3D"]
material_override = SubResource("StandardMaterial3D_ivai7")
mesh = SubResource("PlaneMesh_flkix")

[node name="CollisionShape3D" type="CollisionShape3D" parent="StaticBody3D"]
transform = Transform3D(1, 0, 0, 0, 1, 0, 0, 0, 1, -0.004, -1, -0.021)
shape = SubResource("BoxShape3D_j7lw7")

[node name="Player" parent="." node_paths=PackedStringArray("camera_target", "camera_parent") instance=ExtResource("1_k2kuj")]
transform = Transform3D(1, 0, 0, 0, 1, 0, 0, 0, 1, -6.6059494, 0, 7.4935226)
walk_acceleration = 20.0
camera_target = NodePath("../Camera/CameraTarget")
camera_parent = NodePath("../Camera")

[node name="PlayerHud" parent="Player" instance=ExtResource("2_ivai7")]
follow_viewport_enabled = true

[node name="Camera" parent="." node_paths=PackedStringArray("player_hud", "camera_target") instance=ExtResource("2_rmdli")]
transform = Transform3D(1, 0, 0, 0, 1, 0, 0, 0, 1, -6.929553, -1.9073486e-06, 10.02813)
player_hud = NodePath("../Player/PlayerHud")
camera_target = NodePath("CameraTarget")

[node name="BrickBuilding1Collision" type="StaticBody3D" parent="." groups=["building"]]
transform = Transform3D(-4.371139e-08, 0, 1, 0, 1, 0, -1, 0, -4.371139e-08, 22, 0, -61.839165)
collision_layer = 5

[node name="CollisionShape3D" type="CollisionShape3D" parent="BrickBuilding1Collision"]
transform = Transform3D(1, 0, 0, 0, 1, 0, 0, 0, 1, 21.57248, 2.2022023, -6.014221)
shape = SubResource("BoxShape3D_flkix")

[node name="CollisionShape3D2" type="CollisionShape3D" parent="BrickBuilding1Collision"]
transform = Transform3D(1, 0, 0, 0, 1, 0, 0, 0, 1, 21.572481, 2.2022023, -1.6973495)
shape = SubResource("BoxShape3D_flkix")

[node name="CollisionShape3D3" type="CollisionShape3D" parent="BrickBuilding1Collision"]
transform = Transform3D(1, 0, 0, 0, 1, 0, 0, 0, 1, 21.572481, 2.2022023, 2.6295033)
shape = SubResource("BoxShape3D_flkix")

[node name="CollisionShape3D4" type="CollisionShape3D" parent="BrickBuilding1Collision"]
transform = Transform3D(1, 0, 0, 0, 1, 0, 0, 0, 1, 21.572481, 2.2022023, 6.952116)
shape = SubResource("BoxShape3D_flkix")

[node name="CollisionShape3D5" type="CollisionShape3D" parent="BrickBuilding1Collision"]
transform = Transform3D(1, 0, 0, 0, 1, 0, 0, 0, 1, 21.572481, 2.2022023, 11.272755)
shape = SubResource("BoxShape3D_flkix")

[node name="CollisionShape3D6" type="CollisionShape3D" parent="BrickBuilding1Collision"]
transform = Transform3D(1, 0, 0, 0, 1, 0, 0, 0, 1, 21.572481, 2.2022023, 15.594608)
shape = SubResource("BoxShape3D_flkix")

[node name="CollisionShape3D7" type="CollisionShape3D" parent="BrickBuilding1Collision"]
transform = Transform3D(1, 0, 0, 0, 1, 0, 0, 0, 1, 21.572481, 2.2022023, 19.912827)
shape = SubResource("BoxShape3D_flkix")

[node name="CollisionShape3D8" type="CollisionShape3D" parent="BrickBuilding1Collision"]
transform = Transform3D(-4.371139e-08, 0, 1, 0, 1, 0, -1, 0, -4.371139e-08, -19.929739, 2.2022023, -21.582151)
shape = SubResource("BoxShape3D_flkix")

[node name="CollisionShape3D9" type="CollisionShape3D" parent="BrickBuilding1Collision"]
transform = Transform3D(-4.371139e-08, 0, 1, 0, 1, 0, -1, 0, -4.371139e-08, -15.612867, 2.2022023, -21.582153)
shape = SubResource("BoxShape3D_flkix")

[node name="CollisionShape3D10" type="CollisionShape3D" parent="BrickBuilding1Collision"]
transform = Transform3D(-4.371139e-08, 0, 1, 0, 1, 0, -1, 0, -4.371139e-08, -11.286016, 2.2022023, -21.582151)
shape = SubResource("BoxShape3D_flkix")

[node name="CollisionShape3D11" type="CollisionShape3D" parent="BrickBuilding1Collision"]
transform = Transform3D(-4.371139e-08, 0, 1, 0, 1, 0, -1, 0, -4.371139e-08, -6.9634037, 2.2022023, -21.582148)
shape = SubResource("BoxShape3D_flkix")

[node name="CollisionShape3D12" type="CollisionShape3D" parent="BrickBuilding1Collision"]
transform = Transform3D(-4.371139e-08, 0, 1, 0, 1, 0, -1, 0, -4.371139e-08, -2.6427631, 2.2022023, -21.58215)
shape = SubResource("BoxShape3D_flkix")

[node name="CollisionShape3D13" type="CollisionShape3D" parent="BrickBuilding1Collision"]
transform = Transform3D(-4.371139e-08, 0, 1, 0, 1, 0, -1, 0, -4.371139e-08, 1.6790905, 2.2022023, -21.582151)
shape = SubResource("BoxShape3D_flkix")

[node name="CollisionShape3D14" type="CollisionShape3D" parent="BrickBuilding1Collision"]
transform = Transform3D(-4.371139e-08, 0, 1, 0, 1, 0, -1, 0, -4.371139e-08, 5.9973106, 2.2022023, -21.58215)
shape = SubResource("BoxShape3D_flkix")

[node name="CollisionShape3D15" type="CollisionShape3D" parent="BrickBuilding1Collision"]
transform = Transform3D(0.7071067, 0, 0.7071068, 0, 1, 0, -0.7071068, 0, 0.7071067, 9.574361, 2.2022023, -19.2251)
shape = SubResource("BoxShape3D_flkix")

[node name="CollisionShape3D16" type="CollisionShape3D" parent="BrickBuilding1Collision"]
transform = Transform3D(0.7071067, 0, 0.7071068, 0, 1, 0, -0.7071068, 0, 0.7071067, 12.792274, 2.2022023, -16.007189)
shape = SubResource("BoxShape3D_flkix")

[node name="CollisionShape3D17" type="CollisionShape3D" parent="BrickBuilding1Collision"]
transform = Transform3D(0.7071067, 0, 0.7071068, 0, 1, 0, -0.7071068, 0, 0.7071067, 16.008694, 2.2022023, -12.790773)
shape = SubResource("BoxShape3D_flkix")

[node name="CollisionShape3D18" type="CollisionShape3D" parent="BrickBuilding1Collision"]
transform = Transform3D(0.7071067, 0, 0.7071068, 0, 1, 0, -0.7071068, 0, 0.7071067, 19.228203, 2.2022023, -9.57126)
shape = SubResource("BoxShape3D_flkix")

[node name="CollisionShape3D20" type="CollisionShape3D" parent="BrickBuilding1Collision"]
transform = Transform3D(0.7071067, 0, 0.7071068, 0, 1, 0, -0.7071068, 0, 0.7071067, 13.972622, 2.2022023, -13.989118)
shape = SubResource("BoxShape3D_1sq24")

[node name="CollisionShape3D19" type="CollisionShape3D" parent="BrickBuilding1Collision"]
transform = Transform3D(14, 0, 0, 0, 14.8228, 0, 0, 0, 14, 0.9559269, 14.823, -0.96948814)
shape = SubResource("ConcavePolygonShape3D_1n8fv")

[node name="BrickBuilding1" parent="BrickBuilding1Collision" instance=ExtResource("5_flkix")]

[node name="ConcreteBuilding2" parent="." instance=ExtResource("6_1sq24")]
transform = Transform3D(1, 0, 0, 0, 1, 0, 0, 0, 1, 11.137972, 0.009969711, -109.364365)

[node name="StaticBody3D" type="StaticBody3D" parent="ConcreteBuilding2" groups=["building"]]
collision_layer = 5

[node name="CollisionShape3D" type="CollisionShape3D" parent="ConcreteBuilding2/StaticBody3D"]
transform = Transform3D(0.70710677, 0, 0.70710677, 0, 1, 0, -0.70710677, 0, 0.70710677, -10.029568, 20.00084, -10.021372)
shape = SubResource("BoxShape3D_1n8fv")

[node name="CollisionShape3D2" type="CollisionShape3D" parent="ConcreteBuilding2/StaticBody3D"]
transform = Transform3D(0.70710677, 0, 0.70710677, 0, 1, 0, -0.70710677, 0, 0.70710677, -10.029568, 20.00084, -8.01869)
shape = SubResource("BoxShape3D_1n8fv")

[node name="CollisionShape3D3" type="CollisionShape3D" parent="ConcreteBuilding2/StaticBody3D"]
transform = Transform3D(0.70710677, 0, 0.70710677, 0, 1, 0, -0.70710677, 0, 0.70710677, -10.029568, 20.00084, -6.008795)
shape = SubResource("BoxShape3D_1n8fv")

[node name="CollisionShape3D4" type="CollisionShape3D" parent="ConcreteBuilding2/StaticBody3D"]
transform = Transform3D(0.70710677, 0, 0.70710677, 0, 1, 0, -0.70710677, 0, 0.70710677, -10.029568, 20.00084, -4.006113)
shape = SubResource("BoxShape3D_1n8fv")

[node name="CollisionShape3D5" type="CollisionShape3D" parent="ConcreteBuilding2/StaticBody3D"]
transform = Transform3D(0.70710677, 0, 0.70710677, 0, 1, 0, -0.70710677, 0, 0.70710677, -10.029568, 20.00084, -2.012064)
shape = SubResource("BoxShape3D_1n8fv")

[node name="CollisionShape3D6" type="CollisionShape3D" parent="ConcreteBuilding2/StaticBody3D"]
transform = Transform3D(0.70710677, 0, 0.70710677, 0, 1, 0, -0.70710677, 0, 0.70710677, -10.029568, 20.00084, -0.009382248)
shape = SubResource("BoxShape3D_1n8fv")

[node name="CollisionShape3D7" type="CollisionShape3D" parent="ConcreteBuilding2/StaticBody3D"]
transform = Transform3D(0.70710677, 0, 0.70710677, 0, 1, 0, -0.70710677, 0, 0.70710677, -10.029568, 20.00084, 2.000513)
shape = SubResource("BoxShape3D_1n8fv")

[node name="CollisionShape3D8" type="CollisionShape3D" parent="ConcreteBuilding2/StaticBody3D"]
transform = Transform3D(0.70710677, 0, 0.70710677, 0, 1, 0, -0.70710677, 0, 0.70710677, -10.029568, 20.00084, 4.003195)
shape = SubResource("BoxShape3D_1n8fv")

[node name="CollisionShape3D9" type="CollisionShape3D" parent="ConcreteBuilding2/StaticBody3D"]
transform = Transform3D(0.70710677, 0, 0.70710677, 0, 1, 0, -0.70710677, 0, 0.70710677, -10.029568, 20.00084, 5.9751472)
shape = SubResource("BoxShape3D_1n8fv")

[node name="CollisionShape3D10" type="CollisionShape3D" parent="ConcreteBuilding2/StaticBody3D"]
transform = Transform3D(0.70710677, 0, 0.70710677, 0, 1, 0, -0.70710677, 0, 0.70710677, -10.029568, 20.00084, 7.9850426)
shape = SubResource("BoxShape3D_1n8fv")

[node name="CollisionShape3D11" type="CollisionShape3D" parent="ConcreteBuilding2/StaticBody3D"]
transform = Transform3D(0.70710677, 0, 0.70710677, 0, 1, 0, -0.70710677, 0, 0.70710677, -10.029568, 20.00084, 9.987724)
shape = SubResource("BoxShape3D_1n8fv")

[node name="CollisionShape3D12" type="CollisionShape3D" parent="ConcreteBuilding2/StaticBody3D"]
transform = Transform3D(0.70710677, 0, 0.70710677, 0, 1, 0, -0.70710677, 0, 0.70710677, 10.045923, 20.00084, -9.987455)
shape = SubResource("BoxShape3D_1n8fv")

[node name="CollisionShape3D13" type="CollisionShape3D" parent="ConcreteBuilding2/StaticBody3D"]
transform = Transform3D(0.70710677, 0, 0.70710677, 0, 1, 0, -0.70710677, 0, 0.70710677, 10.045923, 20.00084, -7.9847736)
shape = SubResource("BoxShape3D_1n8fv")

[node name="CollisionShape3D14" type="CollisionShape3D" parent="ConcreteBuilding2/StaticBody3D"]
transform = Transform3D(0.70710677, 0, 0.70710677, 0, 1, 0, -0.70710677, 0, 0.70710677, 10.045923, 20.00084, -5.9748783)
shape = SubResource("BoxShape3D_1n8fv")

[node name="CollisionShape3D15" type="CollisionShape3D" parent="ConcreteBuilding2/StaticBody3D"]
transform = Transform3D(0.70710677, 0, 0.70710677, 0, 1, 0, -0.70710677, 0, 0.70710677, 10.045923, 20.00084, -3.9721966)
shape = SubResource("BoxShape3D_1n8fv")

[node name="CollisionShape3D16" type="CollisionShape3D" parent="ConcreteBuilding2/StaticBody3D"]
transform = Transform3D(0.70710677, 0, 0.70710677, 0, 1, 0, -0.70710677, 0, 0.70710677, 10.045923, 20.00084, -1.9781475)
shape = SubResource("BoxShape3D_1n8fv")

[node name="CollisionShape3D17" type="CollisionShape3D" parent="ConcreteBuilding2/StaticBody3D"]
transform = Transform3D(0.70710677, 0, 0.70710677, 0, 1, 0, -0.70710677, 0, 0.70710677, 10.045923, 20.00084, 0.024534225)
shape = SubResource("BoxShape3D_1n8fv")

[node name="CollisionShape3D18" type="CollisionShape3D" parent="ConcreteBuilding2/StaticBody3D"]
transform = Transform3D(0.70710677, 0, 0.70710677, 0, 1, 0, -0.70710677, 0, 0.70710677, 10.045923, 20.00084, 2.0344296)
shape = SubResource("BoxShape3D_1n8fv")

[node name="CollisionShape3D19" type="CollisionShape3D" parent="ConcreteBuilding2/StaticBody3D"]
transform = Transform3D(0.70710677, 0, 0.70710677, 0, 1, 0, -0.70710677, 0, 0.70710677, 10.045923, 20.00084, 4.0371113)
shape = SubResource("BoxShape3D_1n8fv")

[node name="CollisionShape3D20" type="CollisionShape3D" parent="ConcreteBuilding2/StaticBody3D"]
transform = Transform3D(0.70710677, 0, 0.70710677, 0, 1, 0, -0.70710677, 0, 0.70710677, 10.045923, 20.00084, 6.0090637)
shape = SubResource("BoxShape3D_1n8fv")

[node name="CollisionShape3D21" type="CollisionShape3D" parent="ConcreteBuilding2/StaticBody3D"]
transform = Transform3D(0.70710677, 0, 0.70710677, 0, 1, 0, -0.70710677, 0, 0.70710677, 10.045923, 20.00084, 8.018959)
shape = SubResource("BoxShape3D_1n8fv")

[node name="CollisionShape3D23" type="CollisionShape3D" parent="ConcreteBuilding2/StaticBody3D"]
transform = Transform3D(0.70710665, 0, -0.70710677, 0, 1, 0, 0.70710677, 0, 0.70710665, 7.986597, 20.00084, 10.028862)
shape = SubResource("BoxShape3D_1n8fv")

[node name="CollisionShape3D24" type="CollisionShape3D" parent="ConcreteBuilding2/StaticBody3D"]
transform = Transform3D(0.70710665, 0, -0.70710677, 0, 1, 0, 0.70710677, 0, 0.70710665, 5.9767017, 20.00084, 10.028862)
shape = SubResource("BoxShape3D_1n8fv")

[node name="CollisionShape3D25" type="CollisionShape3D" parent="ConcreteBuilding2/StaticBody3D"]
transform = Transform3D(0.70710665, 0, -0.70710677, 0, 1, 0, 0.70710677, 0, 0.70710665, 3.97402, 20.00084, 10.028862)
shape = SubResource("BoxShape3D_1n8fv")

[node name="CollisionShape3D26" type="CollisionShape3D" parent="ConcreteBuilding2/StaticBody3D"]
transform = Transform3D(0.70710665, 0, -0.70710677, 0, 1, 0, 0.70710677, 0, 0.70710665, 1.9799709, 20.00084, 10.028862)
shape = SubResource("BoxShape3D_1n8fv")

[node name="CollisionShape3D27" type="CollisionShape3D" parent="ConcreteBuilding2/StaticBody3D"]
transform = Transform3D(0.70710665, 0, -0.70710677, 0, 1, 0, 0.70710677, 0, 0.70710665, -0.0227108, 20.00084, 10.028862)
shape = SubResource("BoxShape3D_1n8fv")

[node name="CollisionShape3D28" type="CollisionShape3D" parent="ConcreteBuilding2/StaticBody3D"]
transform = Transform3D(0.70710665, 0, -0.70710677, 0, 1, 0, 0.70710677, 0, 0.70710665, -2.0326061, 20.00084, 10.028862)
shape = SubResource("BoxShape3D_1n8fv")

[node name="CollisionShape3D29" type="CollisionShape3D" parent="ConcreteBuilding2/StaticBody3D"]
transform = Transform3D(0.70710665, 0, -0.70710677, 0, 1, 0, 0.70710677, 0, 0.70710665, -4.035288, 20.00084, 10.028862)
shape = SubResource("BoxShape3D_1n8fv")

[node name="CollisionShape3D30" type="CollisionShape3D" parent="ConcreteBuilding2/StaticBody3D"]
